</var/ftp/usrflash/Project/PMAC Script Language/Libraries/timer.pmc>,100000
0,6
1,7
2,8
3,8
4,12
5,13
6,14
7,14
8,15
<end>
</var/ftp/usrflash/Project/PMAC Script Language/Libraries/SPG_Gcode.pmc>,1000
0,11
1,12
2,13
3,13
4,19
5,20
6,21
7,21
8,27
9,28
10,29
11,29
12,35
13,36
14,37
15,37
16,43
17,44
18,46
19,47
20,48
21,49
22,50
23,51
24,52
25,53
26,54
27,55
28,56
29,57
30,59
31,60
32,60
33,66
34,67
35,67
36,73
37,74
38,74
39,80
40,81
41,81
42,87
43,88
44,88
45,94
46,95
47,96
48,96
49,102
50,103
51,104
52,104
53,110
54,111
55,112
56,112
57,118
58,119
59,120
60,120
61,121
<end>
</var/ftp/usrflash/Project/PMAC Script Language/Libraries/SPG_Mcode.pmc>,1001
0,8
1,10
2,11
3,12
4,13
5,14
6,15
7,16
8,17
9,18
10,19
11,21
12,22
13,23
14,24
15,27
16,28
17,29
18,30
19,31
20,31
21,38
22,40
23,41
24,42
25,43
26,44
27,45
28,46
29,47
30,48
31,49
32,51
33,52
34,53
35,54
36,57
37,58
38,59
39,60
40,61
41,62
42,62
43,68
44,69
45,70
46,71
47,72
48,73
49,74
50,75
51,76
52,76
53,83
54,84
55,85
56,86
57,87
58,88
59,89
60,90
61,91
62,91
63,98
64,99
65,100
66,101
67,103
68,104
69,105
70,106
71,108
72,109
73,110
74,111
75,113
76,114
77,115
78,116
79,118
80,119
81,120
82,121
83,123
84,124
85,125
86,126
87,128
88,129
89,130
90,131
91,133
92,134
93,135
94,136
95,138
96,139
97,141
98,142
99,145
100,146
101,149
102,150
103,153
104,154
105,157
106,158
107,159
108,160
109,161
110,162
111,162
112,168
113,169
114,170
115,171
116,172
117,173
118,175
119,176
120,177
121,178
122,178
123,184
124,185
125,186
126,187
127,189
128,190
129,192
130,193
131,194
132,195
133,196
134,197
135,198
136,200
137,202
138,205
139,206
140,208
141,209
142,210
143,210
144,216
145,217
146,218
147,221
148,223
149,224
150,225
151,226
152,227
153,227
154,234
155,236
156,237
157,238
158,240
159,241
160,242
161,243
162,244
163,245
164,246
165,247
166,249
167,250
168,251
169,252
170,253
171,254
172,255
173,256
174,258
175,259
176,261
177,262
178,263
179,264
180,265
181,266
182,267
183,268
184,269
185,270
186,271
187,272
188,273
189,273
190,280
191,282
192,283
193,284
194,285
195,286
196,287
197,288
198,289
199,290
200,291
201,293
202,294
203,295
204,296
205,297
206,298
207,298
208,304
209,305
210,306
211,307
212,308
213,309
214,309
215,315
216,316
217,317
218,318
219,319
220,320
221,321
222,322
223,323
224,324
225,325
226,326
227,327
228,328
229,329
230,330
231,331
232,332
233,332
234,338
235,339
236,340
237,341
238,342
239,343
240,344
241,345
242,345
243,351
244,352
245,353
246,354
247,355
248,356
249,357
250,358
251,358
252,364
253,365
254,366
255,367
256,368
257,368
258,374
259,375
260,376
261,377
262,378
263,378
264,384
265,385
266,386
267,387
268,388
269,388
270,394
271,395
272,396
273,397
274,398
275,398
276,404
277,405
278,406
279,407
280,408
281,409
282,410
283,412
284,413
285,414
286,415
287,416
288,417
289,417
290,419
<end>
</var/ftp/usrflash/Project/PMAC Script Language/Libraries/SPG_AbortVsHome.pmc>,100001
0,4
1,6
2,7
3,8
4,10
5,11
6,12
7,13
<end>
</var/ftp/usrflash/Project/PMAC Script Language/Libraries/SPG_AbortVsLoop.pmc>,100002
0,4
1,5
2,6
3,7
4,8
5,9
6,11
7,12
8,13
9,14
<end>
</var/ftp/usrflash/Project/PMAC Script Language/Libraries/SPG_AbortWsHome.pmc>,100003
0,4
1,6
2,7
3,8
4,9
5,11
6,12
7,13
8,14
<end>
</var/ftp/usrflash/Project/PMAC Script Language/Libraries/SPG_AbortWsLoop.pmc>,100004
0,4
1,5
2,6
3,7
4,8
5,9
6,11
7,12
8,13
9,14
<end>
</var/ftp/usrflash/Project/PMAC Script Language/Libraries/SPG_InitCommand.pmc>,100005
0,5
1,6
2,7
3,8
4,11
5,12
6,13
7,14
8,15
9,16
10,17
11,20
12,21
13,22
14,23
15,24
16,25
17,26
18,28
19,28
20,29
<end>
</var/ftp/usrflash/Project/PMAC Script Language/Libraries/SPG_InitECylinder.pmc>,100006
0,4
1,5
2,6
3,7
4,8
5,9
6,10
7,12
8,12
9,13
<end>
</var/ftp/usrflash/Project/PMAC Script Language/Libraries/SPG_InitMotor.pmc>,100007
0,7
1,8
2,10
3,11
4,12
5,13
6,14
7,15
8,16
9,17
10,18
11,19
12,20
13,21
14,24
15,25
16,26
17,27
18,28
19,29
20,30
21,31
22,32
23,33
24,34
25,35
26,38
27,39
28,40
29,41
30,42
31,43
32,44
33,45
34,46
35,47
36,48
37,49
38,52
39,53
40,54
41,55
42,56
43,57
44,58
45,59
46,60
47,61
48,62
49,63
50,66
51,67
52,68
53,69
54,70
55,71
56,72
57,73
58,74
59,75
60,76
61,77
62,80
63,81
64,82
65,83
66,84
67,85
68,86
69,87
70,88
71,89
72,90
73,91
74,94
75,95
76,96
77,97
78,98
79,99
80,100
81,101
82,102
83,103
84,104
85,105
86,108
87,109
88,110
89,111
<end>
</var/ftp/usrflash/Project/PMAC Script Language/Libraries/SPG_InitScanner.pmc>,100008
0,5
1,7
2,8
3,10
4,11
5,12
6,14
7,15
8,16
9,17
10,19
11,20
12,21
13,22
14,23
15,24
16,26
17,27
18,29
19,30
20,31
21,32
22,33
23,34
24,35
25,37
26,38
27,40
28,41
29,42
30,43
31,45
32,46
33,47
34,49
35,50
36,51
37,52
38,53
39,55
40,56
41,57
42,58
43,59
44,61
45,62
<end>
</var/ftp/usrflash/Project/PMAC Script Language/Libraries/SPG_InitSeqParam.pmc>,100009
0,5
1,6
2,7
3,8
4,11
5,12
6,13
7,13
8,14
<end>
</var/ftp/usrflash/Project/PMAC Script Language/Libraries/SPG_SetDefaultParam.pmc>,100010
0,4
1,5
2,6
3,7
4,8
5,9
6,10
7,12
8,13
9,14
10,15
11,16
12,17
13,18
14,20
15,21
16,22
17,23
18,25
19,26
20,27
21,28
22,29
23,31
24,32
25,33
26,34
27,35
28,37
29,38
30,39
31,41
32,42
33,43
34,44
35,45
36,46
37,47
38,48
39,50
40,51
41,52
42,54
43,55
44,56
45,58
46,59
47,60
48,62
49,63
50,64
51,66
52,67
53,68
54,70
55,71
56,72
57,74
58,75
59,76
60,78
61,79
62,80
63,82
64,83
65,84
66,86
67,87
68,88
69,90
70,91
71,92
72,94
73,95
74,96
75,98
76,99
77,100
78,102
79,103
80,104
81,106
82,107
83,108
84,110
85,111
86,112
87,114
88,115
89,116
90,118
91,119
92,120
93,122
94,123
95,124
96,126
97,127
98,128
99,130
100,131
101,132
102,134
103,135
104,136
105,138
106,139
107,140
108,142
109,143
110,144
111,146
112,147
113,148
114,148
115,149
<end>
</var/ftp/usrflash/Project/PMAC Script Language/Libraries/SPG_SetEquOut.pmc>,100011
0,4
1,5
2,6
3,7
4,8
5,10
6,10
7,11
<end>
</var/ftp/usrflash/Project/PMAC Script Language/Libraries/SPG_SetSeqBufQ.pmc>,100012
0,36
1,37
2,39
3,40
4,41
5,43
6,44
7,45
8,47
9,49
10,50
11,51
12,55
13,57
14,58
15,60
<end>
</var/ftp/usrflash/Project/PMAC Script Language/Libraries/SPG_SetVsLdParam.pmc>,100013
0,4
1,5
2,6
3,7
4,7
5,8
6,9
7,10
8,11
9,12
10,12
11,13
12,14
13,15
14,16
15,17
16,17
17,18
18,21
19,22
20,23
21,26
22,27
23,28
24,30
25,31
<end>
</var/ftp/usrflash/Project/PMAC Script Language/Libraries/SPG_SetVsRdParam.pmc>,100014
0,4
1,5
2,6
3,7
4,7
5,8
6,9
7,10
8,11
9,12
10,12
11,13
12,14
13,15
14,16
15,17
16,17
17,18
18,21
19,22
20,23
21,26
22,27
23,28
24,30
25,31
<end>
</var/ftp/usrflash/Project/PMAC Script Language/Libraries/SPG_SetVsRjParam.pmc>,100015
0,4
1,5
2,6
3,7
4,7
5,8
6,9
7,10
8,11
9,12
10,12
11,13
12,14
13,15
14,16
15,17
16,17
17,18
18,21
19,22
20,23
21,26
22,27
23,28
24,30
25,31
<end>
</var/ftp/usrflash/Project/PMAC Script Language/Libraries/SPG_SetVsUdParam.pmc>,100016
0,4
1,5
2,6
3,7
4,7
5,8
6,9
7,10
8,11
9,12
10,12
11,13
12,14
13,15
14,16
15,17
16,17
17,18
18,21
19,22
20,23
21,26
22,27
23,28
24,30
25,31
<end>
</var/ftp/usrflash/Project/PMAC Script Language/Libraries/SPG_SetVsVnParam.pmc>,100017
0,4
1,5
2,6
3,7
4,7
5,8
6,9
7,10
8,11
9,12
10,12
11,13
12,14
13,15
14,16
15,17
16,17
17,18
18,21
19,22
20,23
21,26
22,27
23,28
24,30
25,31
26,32
27,33
28,33
29,34
30,35
31,36
32,37
33,38
34,38
35,39
36,40
37,41
38,42
39,43
40,43
41,44
42,45
43,46
44,47
45,48
46,48
47,49
48,52
49,53
50,54
51,55
52,57
53,58
54,59
55,60
56,61
57,62
58,65
59,67
60,68
61,69
62,70
63,70
64,71
65,73
66,74
67,75
68,76
69,76
70,77
71,78
72,79
73,80
74,81
75,81
76,82
77,84
78,85
79,86
80,88
81,89
<end>
</var/ftp/usrflash/Project/PMAC Script Language/Libraries/SPG_SetVsWtParam.pmc>,100018
0,4
1,5
2,6
3,7
4,7
5,8
6,9
7,10
8,11
9,12
10,12
11,13
12,14
13,15
14,16
15,17
16,17
17,18
18,21
19,22
20,23
21,26
22,27
23,28
24,30
25,31
<end>
</var/ftp/usrflash/Project/PMAC Script Language/Libraries/SPG_SetWsLdParam.pmc>,100019
0,4
1,5
2,6
3,7
4,7
5,8
6,9
7,10
8,11
9,12
10,12
11,13
12,14
13,15
14,16
15,17
16,17
17,18
18,21
19,22
20,23
21,26
22,27
23,28
24,30
25,31
<end>
</var/ftp/usrflash/Project/PMAC Script Language/Libraries/SPG_SetWsRdParam.pmc>,100020
0,4
1,5
2,6
3,7
4,7
5,8
6,9
7,10
8,11
9,12
10,12
11,13
12,14
13,15
14,16
15,17
16,17
17,18
18,21
19,22
20,23
21,26
22,27
23,28
24,30
25,31
<end>
</var/ftp/usrflash/Project/PMAC Script Language/Libraries/SPG_SetWsRjParam.pmc>,100021
0,4
1,5
2,6
3,7
4,7
5,8
6,9
7,10
8,11
9,12
10,12
11,13
12,14
13,15
14,16
15,17
16,17
17,18
18,21
19,22
20,23
21,26
22,27
23,28
24,30
25,31
<end>
</var/ftp/usrflash/Project/PMAC Script Language/Libraries/SPG_SetWsUdParam.pmc>,100022
0,4
1,5
2,6
3,7
4,7
5,8
6,9
7,10
8,11
9,12
10,12
11,13
12,14
13,15
14,16
15,17
16,17
17,18
18,21
19,22
20,23
21,26
22,27
23,28
24,30
25,31
<end>
</var/ftp/usrflash/Project/PMAC Script Language/Libraries/SPG_SetWsWdParam.pmc>,100023
0,4
1,5
2,6
3,7
4,7
5,8
6,9
7,10
8,11
9,12
10,12
11,13
12,14
13,15
14,16
15,17
16,17
17,18
18,21
19,22
20,23
21,26
22,27
23,28
24,30
25,31
26,32
27,33
28,33
29,34
30,35
31,36
32,37
33,38
34,38
35,39
36,40
37,41
38,42
39,43
40,43
41,44
42,45
43,46
44,47
45,48
46,48
47,49
48,52
49,53
50,54
51,55
52,57
53,58
54,59
55,60
56,61
57,62
58,65
59,67
60,68
61,69
62,70
63,70
64,71
65,72
66,73
67,74
68,75
69,76
70,77
71,77
72,78
73,79
74,80
75,81
76,82
77,82
78,83
79,84
80,85
81,86
82,89
83,90
84,91
85,92
86,95
87,96
88,97
89,98
90,101
91,102
92,103
93,104
94,106
95,107
96,108
97,109
98,110
99,111
100,111
101,112
102,113
103,114
104,115
105,116
106,116
107,117
108,118
109,121
110,122
111,123
112,124
113,125
114,126
115,127
116,128
117,130
118,131
<end>
</var/ftp/usrflash/Project/PMAC Script Language/Libraries/SPG_SetWsWtParam.pmc>,100024
0,2
1,3
2,4
3,5
4,5
5,6
6,7
7,8
8,9
9,10
10,10
11,11
12,12
13,13
14,14
15,15
16,15
17,16
18,19
19,20
20,21
21,24
22,25
23,26
24,28
25,29
<end>
</var/ftp/usrflash/Project/PMAC Script Language/Libraries/SPG_ReadScPos.pmc>,100025
0,10
1,11
2,13
3,14
4,17
5,18
6,19
7,21
8,22
9,23
10,23
11,24
<end>
</var/ftp/usrflash/Project/PMAC Script Language/Libraries/SPG_ResetVsAlarm.pmc>,100026
0,5
1,6
2,7
3,8
4,10
5,11
6,12
7,15
8,16
9,17
10,18
11,19
12,20
13,22
14,23
15,24
16,25
17,26
18,27
19,28
20,33
21,34
22,35
23,36
24,37
25,39
26,40
27,42
28,43
29,44
<end>
</var/ftp/usrflash/Project/PMAC Script Language/Libraries/SPG_ResetWsAlarm.pmc>,100027
0,5
1,6
2,7
3,8
4,9
5,11
6,12
7,13
8,14
9,17
10,18
11,19
12,20
13,21
14,22
15,23
16,24
17,25
18,27
19,28
20,29
21,30
22,31
23,32
24,33
25,38
26,39
27,40
28,42
29,43
30,45
31,46
32,47
<end>
</var/ftp/usrflash/Project/PMAC Script Language/PLC Programs/PLC00_RTI.plc>,0
0,9
1,11
2,12
3,13
4,14
5,15
6,16
7,17
8,18
9,20
10,21
11,22
12,23
13,24
14,25
15,26
16,27
17,29
18,30
19,31
20,32
21,33
22,34
23,35
<end>
</var/ftp/usrflash/Project/PMAC Script Language/PLC Programs/PLC01_Init.plc>,1
0,9
1,10
2,11
3,12
4,13
5,16
6,17
7,18
8,19
9,20
10,23
11,24
12,25
13,26
14,29
15,30
16,31
17,32
18,35
19,36
20,39
21,40
22,41
23,44
24,45
25,46
26,47
<end>
</var/ftp/usrflash/Project/PMAC Script Language/PLC Programs/PLC02_Sta.plc>,2
0,10
1,12
2,13
3,15
4,17
5,18
6,22
7,25
8,26
9,27
10,28
11,29
12,30
13,31
14,32
15,34
16,35
17,36
18,38
19,39
20,40
21,42
22,43
23,45
24,46
25,47
26,48
27,51
28,52
29,53
30,54
31,55
32,56
33,57
34,58
35,59
36,60
37,61
38,62
39,63
40,64
41,65
42,68
43,69
44,70
45,72
46,73
47,75
48,76
49,77
50,81
51,82
52,83
53,85
54,86
55,87
56,91
57,92
58,93
59,94
60,95
61,98
62,99
63,100
64,101
65,102
66,103
67,104
68,105
69,106
70,107
71,108
72,109
73,110
74,111
75,112
76,114
77,115
78,116
79,117
80,118
81,121
82,122
83,123
84,126
85,127
86,130
87,131
88,132
89,134
90,135
91,136
92,138
93,139
94,140
95,142
96,143
97,144
98,146
99,147
100,148
101,150
102,151
103,152
104,155
105,156
106,157
107,158
108,162
109,163
110,164
111,165
112,166
113,169
114,170
115,171
116,172
117,173
118,174
119,175
120,176
121,177
122,178
123,179
124,180
125,181
126,182
127,183
128,185
129,186
130,187
131,188
132,189
133,192
134,193
135,194
136,197
137,200
138,201
139,202
140,204
141,205
142,206
143,208
144,209
145,210
146,212
147,213
148,214
149,216
150,217
151,218
152,220
153,221
154,222
155,226
156,227
157,228
158,229
159,230
160,231
161,236
162,237
163,238
164,240
165,241
166,242
167,243
168,244
169,245
170,247
171,248
172,249
173,250
174,252
175,253
176,254
177,255
178,256
179,257
180,258
181,259
182,260
183,261
184,262
185,263
186,265
<end>
</var/ftp/usrflash/Project/PMAC Script Language/PLC Programs/PLC03_Cmd.plc>,3
0,7
1,8
2,10
3,11
4,13
5,14
6,23
7,24
8,25
9,26
10,27
11,28
12,29
13,30
14,31
15,32
16,34
17,35
18,36
19,37
20,38
21,39
22,40
23,41
24,42
25,43
26,48
27,49
28,50
29,51
30,52
31,53
32,54
33,55
34,56
35,57
36,59
37,60
38,61
39,62
40,63
41,64
42,65
43,66
44,67
45,68
46,73
47,74
48,75
49,76
50,77
51,78
52,79
53,80
54,81
55,82
56,83
57,84
58,86
59,87
60,88
61,89
62,90
63,91
64,92
65,93
66,94
67,95
68,96
69,97
70,98
71,100
72,101
73,102
74,103
75,104
76,105
77,106
78,107
79,108
80,109
81,110
82,111
83,112
84,114
85,115
86,116
87,117
88,118
89,119
90,120
91,121
92,122
93,123
94,125
95,126
96,127
97,128
98,129
99,130
100,131
101,132
102,133
103,134
104,135
105,140
106,141
107,142
108,143
109,144
110,145
111,146
112,147
113,148
114,149
115,151
116,152
117,153
118,154
119,155
120,156
121,157
122,158
123,159
124,160
125,162
126,163
127,164
128,165
129,166
130,167
131,168
132,169
133,170
134,171
135,178
136,179
137,180
138,181
139,182
140,183
141,184
142,185
143,186
144,187
145,189
146,190
147,191
148,192
149,193
150,194
151,195
152,196
153,197
154,198
155,204
156,206
157,207
158,208
159,209
160,210
161,211
162,212
163,213
164,214
165,215
166,217
167,218
168,219
169,220
170,221
171,222
172,223
173,224
174,225
175,226
176,228
177,229
178,230
179,231
180,232
181,233
182,234
183,235
184,236
185,237
186,239
187,240
188,241
189,242
190,243
191,244
192,245
193,246
194,247
195,248
196,250
197,251
198,252
199,253
200,254
201,255
202,256
203,257
204,258
205,259
206,261
207,262
208,263
209,264
210,265
211,266
212,267
213,268
214,269
215,270
216,275
217,276
218,277
219,278
220,279
221,280
222,281
223,282
224,283
225,284
226,286
227,287
228,288
229,289
230,290
231,291
232,292
233,293
234,294
235,295
236,297
237,298
238,299
239,300
240,301
241,302
242,303
243,304
244,305
245,310
246,312
247,313
248,314
249,315
250,316
251,317
252,318
253,319
254,320
255,321
256,323
257,324
258,325
259,326
260,327
261,328
262,329
263,330
264,331
265,332
266,334
267,335
268,336
269,337
270,338
271,339
272,340
273,341
274,342
275,343
276,345
277,346
278,347
279,348
280,349
281,350
282,351
283,352
284,353
285,354
286,356
287,357
288,358
289,359
290,360
291,361
292,362
293,363
294,364
295,365
296,367
297,368
298,369
299,370
300,371
301,372
302,373
303,374
304,375
305,376
306,378
307,379
308,380
309,381
310,382
311,383
312,384
313,385
314,386
315,387
316,389
317,390
318,391
319,392
320,393
321,394
322,395
323,396
324,397
325,398
326,400
327,401
328,402
329,403
330,404
331,405
332,406
333,407
334,408
335,409
336,411
337,412
338,413
339,414
340,415
341,416
342,417
343,418
344,419
345,420
346,422
347,423
348,424
349,425
350,426
351,427
352,428
353,429
354,430
355,431
356,433
357,434
358,435
359,436
360,437
361,438
362,439
363,440
364,441
365,442
366,447
367,448
368,449
369,450
370,451
371,452
372,453
373,454
374,455
375,456
376,458
377,459
378,460
379,461
380,462
381,463
382,464
383,465
384,466
385,467
386,469
387,470
388,471
389,472
390,473
391,474
392,475
393,476
394,477
395,482
396,484
397,485
398,486
399,487
400,488
401,489
402,490
403,491
404,492
405,493
406,495
407,496
408,497
409,498
410,499
411,500
412,501
413,502
414,503
415,504
416,506
417,507
418,508
419,509
420,510
421,511
422,512
423,513
424,514
425,515
426,517
427,518
428,519
429,520
430,521
431,522
432,523
433,524
434,525
435,526
436,528
437,529
438,530
439,531
440,532
441,533
442,534
443,535
444,536
445,537
446,538
447,544
448,545
449,546
450,547
451,548
452,549
453,550
454,551
455,552
456,553
457,555
458,556
459,557
460,558
461,559
462,560
463,561
464,562
465,563
466,564
467,566
468,567
469,568
470,569
471,570
472,571
473,572
474,573
475,574
476,579
477,581
478,582
479,583
480,584
481,585
482,586
483,587
484,588
485,589
486,590
487,592
488,593
489,594
490,595
491,596
492,597
493,598
494,599
495,600
496,601
497,606
498,607
499,608
500,609
501,610
502,611
503,612
504,613
505,614
506,619
507,621
508,622
509,623
510,624
511,625
512,626
513,627
514,628
515,629
516,630
517,632
518,633
519,634
520,635
521,636
522,637
523,638
524,639
525,640
526,645
527,647
528,648
529,649
530,650
531,651
532,652
533,653
534,654
535,655
536,656
537,658
538,659
539,660
540,661
541,662
542,663
543,664
544,665
545,666
546,671
547,673
548,674
549,675
550,676
551,677
552,678
553,679
554,680
555,681
556,682
557,684
558,685
559,686
560,687
561,688
562,689
563,690
564,691
565,692
566,693
567,695
568,696
569,697
570,698
571,699
572,700
573,701
574,702
575,703
576,704
577,706
578,707
579,708
580,709
581,710
582,711
583,712
584,713
585,714
586,719
587,721
588,722
589,723
590,724
591,725
592,726
593,727
594,728
595,729
596,731
597,733
598,734
599,735
600,736
601,737
602,738
603,739
604,740
605,741
606,746
607,748
608,749
609,750
610,751
611,752
612,753
613,754
614,755
615,756
616,757
617,761
618,762
619,763
620,764
621,765
622,766
623,767
624,768
625,769
626,770
627,772
628,773
629,774
630,775
631,776
632,777
633,778
634,779
635,780
636,781
637,783
638,784
639,785
640,786
641,787
642,788
643,789
644,790
645,791
646,796
647,798
648,799
649,800
650,801
651,802
652,803
653,804
654,805
655,806
656,807
657,809
658,810
659,811
660,812
661,813
662,814
663,815
664,816
665,817
666,822
667,824
668,825
669,826
670,827
671,828
672,829
673,830
674,831
675,832
676,833
677,835
678,836
679,837
680,838
681,839
682,840
683,841
684,842
685,843
686,848
687,850
688,851
689,852
690,853
691,854
692,855
693,856
694,857
695,858
696,859
697,861
698,862
699,863
700,864
701,865
702,866
703,867
704,868
705,869
706,874
707,876
708,877
709,878
710,879
711,880
712,881
713,882
714,883
715,884
716,885
717,887
718,888
719,889
720,890
721,891
722,892
723,893
724,894
725,895
726,900
727,902
728,903
729,904
730,905
731,906
732,907
733,908
734,909
735,910
736,911
737,914
738,915
739,916
740,917
741,918
742,919
743,920
744,921
745,922
746,923
747,925
748,926
749,927
750,928
751,929
752,930
753,931
754,932
755,933
756,934
757,936
758,937
759,938
760,939
761,940
762,941
763,942
764,943
765,944
766,945
767,950
768,951
769,952
<end>
</var/ftp/usrflash/Project/PMAC Script Language/PLC Programs/PLC04_Safety.plc>,4
0,14
1,15
2,16
3,17
4,18
5,19
6,20
7,21
8,22
9,23
10,25
11,26
12,27
13,28
14,29
15,30
16,32
17,33
18,34
19,35
20,36
21,37
22,38
23,39
24,40
25,42
26,43
27,57
28,58
29,59
30,65
31,66
32,69
33,70
34,71
35,75
36,76
37,77
38,80
39,81
40,82
41,83
42,84
43,85
44,86
45,87
46,89
47,90
48,91
49,92
50,93
51,94
52,96
53,97
54,98
55,99
56,101
57,102
58,103
59,104
60,105
61,106
62,107
63,108
64,109
65,110
66,111
67,112
68,113
69,114
70,115
71,116
72,117
73,118
74,121
75,122
76,123
77,124
78,125
79,126
80,127
81,128
82,129
83,130
84,137
85,138
86,139
87,140
88,147
89,148
90,149
91,150
92,151
93,152
94,154
95,155
96,156
97,157
98,158
99,159
100,163
101,164
102,165
103,166
104,167
105,168
106,169
107,170
108,171
109,172
110,173
111,174
112,175
113,176
114,177
115,178
116,179
117,180
118,181
119,182
120,183
121,184
122,185
123,186
124,187
125,188
126,189
127,190
128,191
129,192
130,193
131,194
132,195
133,196
134,197
135,198
136,199
137,200
138,201
139,204
140,205
141,206
142,207
143,208
144,209
145,210
146,211
147,212
148,213
149,214
150,215
151,216
152,217
153,218
154,219
155,220
156,221
157,222
158,223
159,224
160,225
161,226
162,227
163,228
164,229
165,230
166,231
167,232
168,237
169,238
170,239
171,240
172,241
173,242
174,244
175,245
176,246
177,247
178,248
179,250
180,251
181,252
182,253
183,254
184,255
185,257
186,258
187,259
188,261
189,262
190,263
191,264
192,266
193,267
194,268
195,269
196,270
197,271
198,272
199,273
200,274
201,275
202,276
203,277
204,278
205,279
206,280
207,281
208,282
209,283
210,284
211,285
212,286
213,287
214,288
215,291
216,292
217,294
218,295
219,296
220,297
221,298
222,299
223,300
224,301
225,302
226,303
227,304
228,305
229,306
230,307
231,308
232,309
233,310
234,311
235,312
236,314
237,315
238,316
239,318
240,319
241,320
242,321
243,322
244,323
245,324
246,325
247,326
248,327
249,328
250,330
251,331
252,332
253,333
254,335
255,336
256,337
257,338
258,339
259,340
260,341
261,342
262,343
263,344
264,345
265,350
266,351
267,352
268,353
269,356
270,357
271,358
272,359
273,364
274,365
275,366
276,367
277,368
278,369
279,370
280,371
281,372
282,373
283,374
284,375
285,376
286,377
287,378
288,379
289,380
290,381
291,382
292,383
293,384
294,385
295,387
<end>
</var/ftp/usrflash/Project/PMAC Script Language/PLC Programs/PLC05_Ecat.plc>,5
0,8
1,9
2,11
3,12
4,14
5,15
6,17
7,18
8,20
9,21
10,23
11,24
12,26
13,27
14,29
15,30
16,32
17,33
18,36
19,37
20,38
21,39
22,40
23,41
24,42
25,43
26,44
27,45
28,46
29,47
30,49
31,50
32,51
33,52
34,53
35,54
36,55
37,57
38,58
39,59
40,60
41,62
42,63
43,64
44,65
45,66
46,67
47,68
48,69
49,70
50,71
51,72
52,73
53,74
54,75
55,78
56,79
57,80
58,81
59,82
60,83
61,84
62,87
63,88
64,89
65,90
66,91
67,92
68,93
69,95
70,96
71,97
72,98
73,99
74,100
75,101
76,104
77,105
78,106
79,107
80,108
81,109
82,110
83,112
84,113
85,114
86,115
87,116
88,117
89,118
90,121
91,122
92,123
93,124
94,125
95,126
96,127
<end>
</var/ftp/usrflash/Project/PMAC Script Language/PLC Programs/PLC06_IoCom.plc>,6
0,7
1,8
2,9
3,10
4,11
5,12
6,13
7,14
8,15
9,16
10,17
11,18
12,19
13,20
14,21
15,22
16,23
17,24
18,26
19,27
20,28
21,29
22,30
23,31
24,32
25,33
26,34
27,35
28,36
29,37
30,38
31,39
32,40
33,41
34,43
35,44
36,45
37,46
38,47
39,48
40,49
41,50
42,51
43,52
44,53
45,54
46,55
47,56
48,57
49,58
50,59
51,63
52,65
53,66
54,67
55,68
56,69
57,70
58,71
59,72
60,73
61,74
62,75
63,76
64,77
65,78
66,79
67,98
68,99
69,100
70,101
71,102
72,103
73,104
74,105
75,106
76,107
77,108
78,109
79,110
80,111
81,112
82,113
83,115
84,116
85,117
86,118
87,119
88,120
89,121
90,122
91,123
92,124
93,125
94,126
95,127
96,128
97,129
98,130
99,131
100,132
<end>
</var/ftp/usrflash/Project/PMAC Script Language/PLC Programs/PLC10_Home.plc>,10
0,7
1,9
2,10
3,12
4,17
5,18
6,19
7,20
8,21
9,22
10,23
11,24
12,25
13,26
14,28
15,29
16,30
17,31
18,32
19,33
20,34
21,35
22,37
23,38
24,39
25,40
26,41
27,42
28,43
29,44
30,46
31,47
32,48
33,49
34,50
35,51
36,52
37,54
38,55
39,56
40,57
41,58
42,59
43,60
44,61
45,62
46,63
47,64
48,65
49,66
50,67
51,72
52,73
53,74
54,75
55,76
56,77
57,78
58,80
59,81
60,82
61,83
62,84
63,85
64,87
65,88
66,89
67,90
68,91
69,92
70,94
71,95
72,96
73,97
74,98
75,99
76,100
77,102
78,103
79,104
80,105
81,106
82,107
83,108
84,109
85,110
86,111
87,112
88,117
89,118
90,119
91,120
92,122
93,123
94,124
95,125
96,126
97,127
98,128
99,131
100,132
101,133
102,134
103,135
104,136
105,137
106,140
107,141
108,142
109,143
110,144
111,145
112,146
113,147
114,148
115,149
116,150
117,151
118,152
119,153
120,154
121,157
122,158
123,159
124,160
125,161
126,162
127,163
128,164
129,165
130,166
131,167
132,168
133,169
134,172
135,173
136,174
137,175
138,176
139,179
140,180
141,181
142,182
143,183
144,184
145,185
146,188
147,189
148,190
149,191
150,192
151,193
152,194
153,196
154,197
155,198
156,199
157,202
158,203
159,204
160,205
161,206
162,209
163,210
164,211
165,212
166,213
167,214
168,215
169,217
170,218
171,219
172,220
173,225
174,226
175,227
176,228
177,229
178,230
179,231
180,232
181,233
182,234
183,235
184,236
185,237
186,238
187,239
188,240
189,241
190,244
191,245
192,246
193,247
194,248
195,249
196,250
197,251
198,252
199,253
200,255
201,256
202,257
203,258
204,259
205,264
206,265
207,266
208,267
209,268
210,269
211,272
212,273
213,274
214,275
215,276
216,277
217,278
218,310
219,313
220,314
221,316
222,317
223,320
224,321
225,322
226,323
227,324
228,325
229,326
230,327
231,328
232,331
233,332
234,333
235,334
236,335
237,336
238,337
239,340
240,341
241,342
242,343
243,344
244,345
245,346
246,347
247,348
248,349
249,350
250,351
251,352
252,353
253,359
254,361
255,362
256,363
257,364
258,365
259,368
260,369
261,370
262,371
263,372
264,373
265,374
266,375
267,376
268,377
269,378
270,379
271,380
272,381
273,382
274,383
275,384
276,387
277,388
278,389
279,390
280,391
281,392
282,393
283,394
284,395
285,396
286,397
287,398
288,399
289,400
290,401
291,402
292,403
293,406
294,407
295,408
296,409
297,410
298,411
299,412
300,413
301,414
302,415
303,416
304,417
305,418
306,419
307,420
308,421
309,422
310,425
311,426
312,427
313,428
314,429
315,430
316,431
317,432
318,433
319,434
320,435
321,436
322,437
323,438
324,443
325,444
326,445
327,446
328,447
329,448
330,449
331,451
332,452
333,453
334,454
335,455
336,456
337,459
338,460
339,461
340,462
341,463
342,464
343,465
344,466
345,467
346,468
347,469
348,470
349,471
350,472
351,473
352,474
353,480
354,482
355,483
356,485
357,486
358,487
359,497
360,498
361,499
362,500
363,501
364,503
365,504
366,505
367,506
368,507
369,508
370,509
371,510
372,511
373,512
374,513
375,514
376,516
377,517
378,518
379,519
380,520
381,521
382,522
383,523
384,524
385,525
386,526
387,527
388,528
389,529
390,530
391,531
392,532
393,533
394,534
395,535
396,536
397,537
398,540
399,542
400,544
401,545
402,546
403,549
404,550
405,551
406,552
407,553
408,554
409,555
410,556
411,557
412,558
413,559
414,560
415,561
416,562
417,563
418,564
419,565
420,566
421,567
422,568
423,569
424,575
425,576
426,577
427,578
428,579
429,582
430,583
431,584
432,585
433,586
434,587
435,588
436,590
437,591
438,592
439,593
440,598
441,599
442,600
443,601
444,602
445,603
446,604
447,605
448,606
449,607
450,608
451,609
452,610
453,611
454,612
455,613
456,614
457,617
458,618
459,619
460,620
461,621
462,622
463,623
464,624
465,625
466,626
467,627
468,628
469,629
470,630
471,699
472,701
473,702
474,703
475,704
476,705
477,708
478,709
479,710
480,711
481,712
482,713
483,714
484,715
485,716
486,717
487,718
488,719
489,720
490,721
491,722
492,723
493,724
494,727
495,728
496,729
497,730
498,731
499,732
500,733
501,734
502,735
503,736
504,737
505,738
506,739
507,740
508,741
509,742
510,743
511,746
512,747
513,748
514,749
515,750
516,751
517,752
518,753
519,754
520,755
521,756
522,757
523,758
524,759
525,765
526,766
527,767
528,768
529,769
530,770
531,773
532,774
533,775
534,776
535,777
536,778
537,779
538,782
539,783
540,784
541,785
542,786
543,787
544,788
545,789
546,790
547,791
548,792
549,793
550,794
551,795
552,796
553,797
554,798
555,801
556,802
557,803
558,804
559,805
560,806
561,807
562,810
563,811
564,812
565,813
566,814
567,815
568,816
569,817
570,818
571,819
572,820
573,821
574,822
575,823
576,829
577,830
578,831
579,832
580,834
581,835
582,836
583,839
584,840
585,841
586,842
587,843
588,844
589,845
590,847
591,848
592,849
593,850
594,855
595,856
596,857
597,858
598,859
599,860
600,863
601,864
602,865
603,866
604,867
605,868
606,869
607,870
608,871
609,872
610,873
611,874
612,875
613,876
614,881
615,882
616,883
617,884
618,885
619,886
620,887
621,888
622,889
623,890
624,893
625,894
626,895
627,896
628,897
629,898
630,899
631,902
632,903
633,904
634,905
635,906
636,907
637,908
638,909
639,910
640,911
641,912
642,913
643,914
644,915
645,920
646,921
647,922
648,923
649,924
650,927
651,928
652,929
653,930
654,931
655,932
656,933
657,935
658,936
659,937
660,938
661,939
662,940
663,941
664,942
665,943
666,944
667,945
668,946
669,947
670,950
671,951
672,952
673,953
674,954
675,955
676,957
677,958
678,959
679,960
680,961
681,962
682,963
683,964
684,965
685,966
686,967
687,968
688,969
689,972
690,973
691,974
692,975
693,977
694,978
695,979
696,980
697,981
698,982
699,983
700,984
701,985
702,986
703,987
704,988
705,989
706,990
707,994
708,995
709,996
710,997
711,998
712,999
713,1002
714,1003
715,1004
716,1005
717,1006
718,1007
719,1008
720,1011
721,1012
722,1013
723,1014
724,1015
725,1017
726,1018
727,1019
728,1020
729,1021
730,1022
731,1023
732,1024
733,1025
734,1026
735,1030
736,1031
737,1032
738,1033
739,1034
740,1035
741,1036
742,1039
743,1040
744,1041
745,1042
746,1043
747,1044
748,1045
749,1047
750,1048
751,1049
752,1050
753,1051
754,1052
755,1053
756,1054
757,1055
758,1056
759,1059
760,1060
761,1061
762,1062
763,1063
764,1064
765,1065
766,1066
767,1067
<end>
</var/ftp/usrflash/Project/PMAC Script Language/PLC Programs/PLC11_Jog.plc>,11
0,7
1,9
2,10
3,11
4,16
5,17
6,18
7,19
8,20
9,21
10,22
11,23
12,24
13,25
14,26
15,27
16,28
17,29
18,30
19,31
20,32
21,34
22,35
23,36
24,37
25,38
26,39
27,40
28,41
29,42
30,43
31,44
32,45
33,46
34,47
35,48
36,49
37,51
38,52
39,53
40,54
41,55
42,56
43,57
44,58
45,59
46,60
47,61
48,62
49,63
50,64
51,65
52,67
53,68
54,69
55,70
56,71
57,72
58,73
59,74
60,75
61,76
62,77
63,78
64,79
65,80
66,81
67,82
68,84
69,85
70,86
71,88
72,89
73,90
74,91
75,92
76,93
77,95
78,96
79,97
80,98
81,99
82,100
83,102
84,103
85,104
86,106
87,107
88,108
89,109
90,110
91,111
92,112
93,113
94,114
95,115
96,116
97,117
98,119
99,120
100,121
101,122
102,123
103,124
104,125
105,126
106,127
107,129
108,130
109,131
110,132
111,133
112,134
113,135
114,136
115,137
116,138
117,140
118,141
119,142
120,143
121,144
122,145
123,146
124,147
125,148
126,149
127,151
128,152
129,153
130,154
<end>
</var/ftp/usrflash/Project/PMAC Script Language/PLC Programs/PLC12_SeqMc.plc>,12
0,12
1,13
2,14
3,15
4,16
5,17
6,18
7,19
8,20
9,21
10,22
11,23
12,24
13,25
14,26
15,28
16,29
17,30
18,31
19,32
20,33
21,34
22,35
23,36
24,37
25,38
26,39
27,40
28,41
29,42
30,46
31,47
32,48
33,49
34,50
35,51
36,53
37,54
38,55
39,56
40,57
41,59
42,63
43,64
44,65
45,66
46,67
47,68
48,69
49,71
50,72
51,74
52,75
53,76
54,77
55,78
56,79
57,80
58,82
59,83
60,84
61,85
62,86
63,87
64,88
65,90
66,91
67,93
68,94
69,95
70,96
71,97
72,98
73,99
74,101
75,102
76,103
77,104
78,105
79,106
80,107
81,109
82,110
83,112
84,113
85,114
86,115
87,116
88,117
89,119
90,120
91,121
92,125
93,126
94,127
95,128
96,129
97,130
98,131
99,132
100,133
101,134
102,135
103,136
104,137
105,138
106,139
107,140
108,142
109,143
110,144
111,145
112,146
113,147
114,148
115,149
116,150
117,152
118,153
119,154
120,155
121,156
122,157
123,158
124,159
125,160
126,162
127,163
128,164
129,166
130,167
131,168
132,169
133,170
134,171
135,172
136,173
137,174
138,175
139,176
140,177
141,178
142,179
143,180
144,181
145,182
146,199
147,200
148,201
149,202
150,203
151,205
152,206
153,207
154,208
155,209
156,211
157,212
158,213
159,215
160,216
161,217
162,218
163,219
164,220
165,221
166,222
167,223
168,224
169,225
170,226
171,227
172,228
173,229
174,230
175,231
176,248
177,249
178,250
179,251
180,252
181,254
182,255
183,256
184,257
185,258
186,263
187,264
188,265
189,266
190,267
191,268
192,270
193,271
194,272
195,273
196,274
197,275
198,277
199,278
200,279
201,280
202,281
203,283
204,284
205,285
206,286
207,287
208,289
209,290
210,291
211,293
212,294
213,295
214,296
215,297
216,298
217,300
218,301
219,302
220,303
221,304
222,306
223,307
224,308
225,309
226,310
227,312
228,313
229,314
230,316
231,317
232,318
233,319
234,320
235,321
236,325
237,326
238,327
239,328
240,330
241,331
242,332
243,333
244,334
245,335
246,336
247,337
248,338
249,339
250,340
251,341
252,342
253,345
254,346
255,347
256,348
257,349
258,350
259,351
260,352
261,353
262,354
263,357
264,358
265,359
266,360
267,361
268,363
269,366
270,367
271,368
272,369
273,370
274,371
275,372
276,375
277,376
278,377
279,378
280,379
281,380
282,381
283,382
284,383
285,384
286,385
287,386
288,387
289,390
290,391
291,392
292,393
293,394
294,395
295,398
296,399
297,400
298,401
299,402
300,403
301,404
302,407
303,408
304,409
305,410
306,411
307,412
308,413
309,414
310,415
311,416
312,417
313,418
314,419
315,422
316,423
317,424
318,425
319,428
320,429
321,430
322,431
323,432
324,433
325,434
326,435
327,436
328,437
329,438
330,439
331,440
332,441
333,442
334,443
335,446
336,447
337,448
338,449
339,450
340,451
341,452
342,453
343,454
344,457
345,458
346,459
347,460
348,461
349,463
350,464
351,469
352,470
353,471
354,472
355,477
356,480
357,481
358,483
359,484
360,485
361,487
362,488
363,493
364,494
365,497
366,498
367,499
368,500
369,501
370,502
371,503
372,504
373,505
374,506
375,507
376,508
377,509
378,510
379,511
380,514
381,515
382,516
383,517
384,520
385,521
386,522
387,523
388,524
389,525
390,526
391,529
392,530
393,531
394,532
395,537
396,540
397,541
398,543
399,544
400,545
401,546
402,551
403,552
404,555
405,556
406,557
407,558
408,559
409,560
410,561
411,562
412,563
413,564
414,565
415,566
416,567
417,568
418,569
419,572
420,573
421,574
422,575
423,578
424,579
425,580
426,581
427,582
428,583
429,584
430,587
431,588
432,589
433,590
434,591
435,592
436,593
437,594
438,595
439,596
440,601
441,604
442,605
443,607
444,608
445,609
446,610
447,615
448,616
449,619
450,620
451,621
452,622
453,623
454,624
455,625
456,626
457,627
458,628
459,629
460,630
461,631
462,632
463,633
464,636
465,637
466,638
467,639
468,642
469,643
470,644
471,645
472,646
473,647
474,648
475,651
476,652
477,653
478,654
479,655
480,656
481,657
482,658
483,659
484,660
485,661
486,666
487,669
488,670
489,672
490,673
491,674
492,675
493,680
494,681
495,684
496,685
497,686
498,687
499,688
500,689
501,690
502,691
503,692
504,693
505,694
506,695
507,696
508,697
509,698
510,701
511,702
512,703
513,704
514,707
515,708
516,709
517,710
518,711
519,712
520,713
521,716
522,718
523,719
524,720
525,721
526,722
527,723
528,724
529,725
530,730
531,733
532,734
533,736
534,737
535,738
536,739
537,744
538,745
539,748
540,749
541,750
542,751
543,752
544,754
545,755
546,756
547,758
548,759
549,760
550,761
551,762
552,763
553,764
554,765
555,768
556,769
557,770
558,771
559,774
560,775
561,776
562,777
563,778
564,779
565,780
566,783
567,784
568,785
569,786
570,791
571,794
572,795
573,797
574,798
575,799
576,800
577,805
578,806
579,809
580,810
581,811
582,812
583,813
584,815
585,816
586,817
587,818
588,819
589,820
590,821
591,822
592,823
593,824
594,825
595,828
596,829
597,830
598,831
599,834
600,835
601,836
602,837
603,838
604,839
605,840
606,843
607,844
608,845
609,846
610,851
611,854
612,855
613,857
614,858
615,859
616,860
617,865
618,866
619,869
620,870
621,871
622,872
623,873
624,874
625,875
626,876
627,877
628,878
629,879
630,880
631,881
632,882
633,883
634,886
635,887
636,888
637,889
638,892
639,893
640,894
641,895
642,896
643,897
644,898
645,901
646,902
647,903
648,908
649,910
650,911
651,912
652,913
653,914
654,915
655,916
656,917
657,918
658,919
659,920
660,921
661,924
662,925
663,926
664,927
665,928
666,929
667,930
668,935
669,936
670,937
671,938
672,943
673,946
674,947
675,949
676,950
677,951
678,952
679,957
680,958
681,961
682,962
683,963
684,964
685,965
686,966
687,967
688,968
689,969
690,970
691,971
692,972
693,973
694,974
695,975
696,978
697,979
698,980
699,981
700,984
701,985
702,986
703,987
704,988
705,989
706,990
707,993
708,994
709,995
710,996
711,997
712,998
713,999
714,1000
715,1001
716,1002
717,1003
718,1004
719,1005
720,1006
721,1007
722,1008
723,1013
724,1016
725,1017
726,1019
727,1020
728,1021
729,1022
730,1023
731,1028
732,1029
733,1032
734,1033
735,1034
736,1035
737,1036
738,1037
739,1038
740,1039
741,1040
742,1041
743,1042
744,1043
745,1044
746,1045
747,1046
748,1049
749,1050
750,1051
751,1052
752,1055
753,1056
754,1057
755,1058
756,1059
757,1060
758,1061
759,1064
760,1065
761,1066
762,1067
763,1068
764,1073
765,1076
766,1077
767,1079
768,1080
769,1081
770,1082
771,1087
772,1088
773,1091
774,1092
775,1093
776,1094
777,1095
778,1096
779,1097
780,1098
781,1099
782,1100
783,1101
784,1102
785,1103
786,1104
787,1105
788,1108
789,1109
790,1110
791,1111
792,1114
793,1115
794,1116
795,1117
796,1118
797,1119
798,1120
799,1123
800,1126
801,1127
802,1128
803,1129
804,1130
805,1131
806,1132
807,1133
808,1134
809,1135
810,1136
811,1137
812,1138
813,1139
814,1140
815,1145
816,1148
817,1149
818,1151
819,1152
820,1153
821,1154
822,1159
823,1160
824,1163
825,1164
826,1165
827,1166
828,1167
829,1168
830,1169
831,1170
832,1171
833,1172
834,1173
835,1174
836,1175
837,1176
838,1177
839,1180
840,1181
841,1182
842,1183
843,1186
844,1187
845,1188
846,1189
847,1190
848,1191
849,1192
850,1195
851,1196
852,1197
853,1202
854,1205
855,1206
856,1208
857,1209
858,1210
859,1211
860,1216
861,1217
862,1220
863,1221
864,1222
865,1223
866,1224
867,1225
868,1226
869,1227
870,1228
871,1229
872,1230
873,1231
874,1232
875,1233
876,1234
877,1237
878,1238
879,1239
880,1240
881,1243
882,1244
883,1245
884,1246
885,1247
886,1248
887,1249
888,1252
889,1253
890,1254
891,1255
892,1256
893,1257
894,1258
895,1259
896,1260
897,1261
898,1267
899,1270
900,1271
901,1273
902,1274
903,1275
904,1276
905,1281
906,1282
907,1285
908,1286
909,1287
910,1288
911,1289
912,1291
913,1292
914,1293
915,1294
916,1295
917,1296
918,1297
919,1298
920,1299
921,1300
922,1301
923,1304
924,1305
925,1306
926,1307
927,1310
928,1311
929,1312
930,1313
931,1314
932,1315
933,1316
934,1319
935,1320
936,1321
937,1326
938,1329
939,1330
940,1332
941,1333
942,1334
943,1335
944,1340
945,1341
946,1344
947,1345
948,1346
949,1347
950,1348
951,1350
952,1351
953,1352
954,1353
955,1354
956,1355
957,1356
958,1357
959,1358
960,1359
961,1360
962,1363
963,1364
964,1365
965,1366
966,1369
967,1370
968,1371
969,1372
970,1373
971,1374
972,1375
973,1378
974,1379
975,1380
976,1385
977,1386
978,1387
979,1388
980,1389
981,1390
982,1391
983,1392
984,1393
985,1394
986,1395
987,1396
988,1397
989,1398
990,1401
991,1402
992,1403
993,1404
994,1405
995,1406
996,1407
997,1408
<end>
</var/ftp/usrflash/Project/PMAC Script Language/PLC Programs/PLC13_SeqWs.plc>,13
0,7
1,8
2,9
3,10
4,15
5,16
6,17
7,18
8,19
9,20
10,21
11,23
12,24
13,25
14,26
15,27
16,28
17,30
18,31
19,32
20,33
21,38
22,39
23,40
24,41
25,42
26,43
27,44
28,45
29,46
30,47
31,48
32,49
33,50
34,51
35,52
36,55
37,56
38,57
39,58
40,59
41,60
42,61
43,62
44,63
45,64
46,65
47,66
48,67
49,70
50,71
51,72
52,73
53,74
54,75
55,76
56,77
57,78
58,79
59,80
60,81
61,82
62,83
63,86
64,87
65,88
66,89
67,90
68,91
69,92
70,93
71,94
72,95
73,96
74,97
75,98
76,101
77,102
78,103
79,104
80,105
81,106
82,107
83,108
84,109
85,110
86,111
87,112
88,113
89,116
90,117
91,118
92,119
93,120
94,121
95,122
96,125
97,126
98,127
99,128
100,129
101,130
102,131
103,132
104,133
105,134
106,135
107,136
108,137
109,140
110,141
111,142
112,143
113,144
114,145
115,146
116,147
117,148
118,149
119,150
120,151
121,152
122,153
123,154
124,155
125,156
126,157
127,158
128,163
129,164
130,165
131,166
132,167
133,168
134,169
135,171
136,172
137,173
138,175
139,176
140,177
141,179
142,180
143,181
144,182
145,183
146,184
147,185
148,186
149,187
150,188
151,189
152,190
153,191
154,192
155,193
156,196
157,197
158,198
159,199
160,200
161,201
162,202
163,205
164,206
165,207
166,208
167,209
168,210
169,211
170,212
171,213
172,214
173,215
174,216
175,217
176,222
177,224
178,225
179,226
180,229
181,230
182,231
183,232
184,233
185,234
186,235
187,236
188,237
189,238
190,239
191,240
192,241
193,247
194,249
195,250
196,251
197,253
198,254
199,255
200,257
201,258
202,259
203,260
204,261
205,262
206,263
207,265
208,268
209,270
210,271
211,272
212,273
213,274
214,275
215,276
216,277
217,279
218,280
219,281
220,282
221,284
222,285
223,286
224,289
225,290
226,291
227,292
228,293
229,294
230,295
231,298
232,299
233,300
234,301
235,302
236,303
237,304
238,305
239,306
240,307
241,308
242,309
243,310
244,315
245,316
246,317
247,318
248,319
249,321
250,322
251,323
252,324
253,325
254,326
255,327
256,328
257,329
258,330
259,331
260,332
261,333
262,334
263,335
264,338
265,339
266,340
267,341
268,342
269,343
270,344
271,345
272,346
273,347
274,348
275,349
276,350
277,351
278,352
279,353
280,354
281,355
282,356
283,357
284,358
285,359
286,360
287,361
288,362
289,363
290,364
291,365
292,366
293,367
294,368
295,369
296,370
297,371
298,372
299,373
300,374
301,375
302,376
303,377
304,378
305,381
306,382
307,383
308,384
309,386
310,387
311,388
312,390
313,391
314,392
315,395
316,396
317,397
318,398
319,399
320,400
321,401
322,404
323,405
324,406
325,407
326,408
327,409
328,410
329,411
330,412
331,413
332,414
333,415
334,416
335,417
336,418
337,421
338,422
339,423
340,424
341,425
342,426
343,427
344,428
345,429
346,430
347,431
348,432
349,433
350,434
351,435
352,436
353,437
354,440
355,441
356,442
357,443
358,444
359,445
360,446
361,447
362,448
363,449
364,450
365,451
366,452
367,453
368,454
369,455
370,456
371,457
372,458
373,463
374,465
375,466
376,467
377,469
378,470
379,471
380,473
381,474
382,475
383,476
384,477
385,478
386,479
387,481
388,484
389,486
390,487
391,488
392,489
393,490
394,491
395,492
396,493
397,498
398,500
399,501
400,502
401,522
402,523
403,524
404,525
405,526
406,528
407,529
408,532
409,533
410,534
411,535
412,536
413,537
414,538
415,543
416,544
417,545
418,546
419,547
420,550
421,551
422,552
423,554
424,555
425,556
426,557
427,558
428,559
429,561
430,562
431,563
432,564
433,569
434,570
435,572
436,573
437,574
438,575
439,576
440,577
441,578
442,579
443,580
444,581
445,582
446,583
447,584
448,587
449,588
450,589
451,590
452,591
453,592
454,593
455,594
456,595
457,596
458,597
459,598
460,599
461,602
462,603
463,604
464,605
465,606
466,607
467,608
468,609
469,610
470,611
471,612
472,613
473,614
474,615
475,618
476,620
477,621
478,622
479,623
480,624
481,625
482,626
483,627
484,628
485,629
486,630
487,631
488,634
489,635
490,636
491,637
492,638
493,639
494,640
495,641
496,642
497,643
498,644
499,645
500,646
501,649
502,650
503,651
504,652
505,653
506,654
507,655
508,658
509,659
510,660
511,661
512,662
513,663
514,664
515,665
516,666
517,667
518,668
519,669
520,670
521,673
522,674
523,675
524,676
525,677
526,678
527,679
528,680
529,681
530,682
531,683
532,684
533,685
534,686
535,687
536,688
537,689
538,690
539,691
540,696
541,698
542,699
543,700
544,702
545,703
546,704
547,706
548,707
549,708
550,709
551,710
552,711
553,712
554,714
555,717
556,719
557,720
558,721
559,722
560,723
561,724
562,725
563,726
564,732
565,733
566,734
567,735
568,736
569,737
570,738
571,740
572,741
573,742
574,743
575,746
576,747
577,748
578,749
579,750
580,751
581,752
582,753
583,754
584,755
585,756
586,757
587,758
588,763
589,764
590,765
591,766
592,767
593,768
594,769
595,771
596,772
597,773
598,775
599,776
600,778
601,779
602,780
603,781
604,782
605,783
606,784
607,785
608,786
609,787
610,788
611,789
612,790
613,791
614,792
615,795
616,796
617,797
618,798
619,799
620,800
621,801
622,804
623,806
624,807
625,808
626,809
627,811
628,812
629,813
630,814
631,815
632,816
633,817
634,818
635,819
636,820
637,821
638,822
639,875
640,876
641,877
642,878
643,879
644,880
645,881
646,882
647,883
648,884
649,885
650,886
651,887
652,888
653,889
654,890
655,891
656,892
657,893
658,894
659,895
660,898
661,899
662,900
663,901
664,902
665,903
666,904
667,907
668,908
669,909
670,910
671,911
672,912
673,913
674,914
675,915
676,916
677,917
678,918
679,919
680,920
681,921
682,922
683,923
684,924
685,925
686,926
687,927
688,928
689,929
690,930
691,931
692,932
693,933
694,934
695,935
696,936
697,937
698,938
699,944
700,946
701,948
702,949
703,985
704,986
705,987
706,988
707,989
708,990
709,993
710,994
711,995
712,996
713,997
714,998
715,999
716,1004
717,1005
718,1006
719,1007
720,1008
721,1011
722,1012
723,1013
724,1014
725,1015
726,1017
727,1018
728,1019
729,1020
730,1021
731,1023
732,1024
733,1025
734,1026
735,1027
736,1028
737,1030
738,1031
739,1032
740,1033
741,1038
742,1039
743,1041
744,1042
745,1043
746,1044
747,1045
748,1046
749,1047
750,1048
751,1049
752,1050
753,1051
754,1052
755,1053
756,1054
757,1057
758,1058
759,1059
760,1060
761,1061
762,1062
763,1063
764,1064
765,1065
766,1066
767,1067
768,1068
769,1069
770,1070
771,1073
772,1074
773,1075
774,1076
775,1077
776,1078
777,1079
778,1080
779,1081
780,1082
781,1083
782,1084
783,1085
784,1086
785,1087
786,1090
787,1092
788,1093
789,1094
790,1095
791,1096
792,1097
793,1098
794,1099
795,1100
796,1101
797,1102
798,1103
799,1106
800,1107
801,1108
802,1109
803,1110
804,1111
805,1112
806,1113
807,1114
808,1115
809,1116
810,1117
811,1118
812,1121
813,1122
814,1123
815,1124
816,1125
817,1126
818,1127
819,1130
820,1131
821,1132
822,1133
823,1134
824,1135
825,1136
826,1137
827,1138
828,1139
829,1140
830,1141
831,1142
832,1145
833,1146
834,1147
835,1148
836,1149
837,1150
838,1151
839,1152
840,1153
841,1154
842,1155
843,1156
844,1157
845,1158
846,1159
847,1160
848,1161
849,1162
850,1163
851,1168
852,1170
853,1171
854,1172
855,1174
856,1175
857,1176
858,1178
859,1179
860,1180
861,1181
862,1182
863,1183
864,1184
865,1186
866,1189
867,1191
868,1192
869,1193
870,1194
871,1195
872,1196
873,1197
874,1198
875,1203
876,1205
877,1206
878,1207
879,1210
880,1211
881,1212
882,1213
883,1214
884,1215
885,1216
886,1217
887,1218
888,1219
889,1220
890,1221
891,1222
892,1227
893,1228
894,1229
895,1230
896,1231
897,1232
898,1233
899,1235
900,1236
901,1237
902,1239
903,1240
904,1241
905,1243
906,1244
907,1245
908,1246
909,1247
910,1248
911,1249
912,1250
913,1251
914,1252
915,1253
916,1254
917,1257
918,1258
919,1259
920,1260
921,1261
922,1262
923,1263
924,1266
925,1267
926,1268
927,1269
928,1270
929,1271
930,1272
931,1273
932,1274
933,1275
934,1276
935,1277
936,1278
937,1284
938,1285
939,1286
940,1287
941,1288
942,1289
943,1290
944,1291
945,1292
946,1293
947,1294
948,1295
949,1296
950,1297
951,1298
952,1299
953,1300
954,1301
955,1302
956,1305
957,1306
958,1307
959,1308
960,1309
961,1310
962,1311
963,1314
964,1315
965,1316
966,1317
967,1318
968,1319
969,1320
970,1321
971,1322
972,1323
973,1324
974,1325
975,1326
976,1327
977,1328
978,1329
979,1330
980,1331
981,1332
982,1333
983,1334
984,1335
985,1336
986,1337
987,1340
988,1341
989,1342
990,1343
991,1344
992,1345
993,1346
994,1347
995,1348
996,1349
997,1350
998,1351
999,1352
1000,1357
1001,1358
1002,1359
1003,1361
1004,1362
1005,1363
1006,1364
1007,1365
1008,1366
1009,1367
1010,1368
1011,1369
1012,1370
1013,1371
1014,1374
1015,1375
1016,1376
1017,1377
1018,1378
1019,1379
1020,1380
1021,1383
1022,1384
1023,1386
1024,1387
1025,1388
1026,1389
1027,1390
1028,1391
1029,1392
1030,1393
1031,1394
1032,1395
1033,1396
1034,1397
1035,1398
1036,1399
1037,1400
1038,1401
1039,1402
1040,1403
1041,1404
1042,1405
1043,1406
1044,1407
1045,1408
1046,1409
1047,1410
1048,1411
1049,1412
1050,1413
1051,1414
1052,1415
1053,1416
1054,1417
1055,1418
1056,1419
1057,1420
1058,1421
1059,1422
1060,1428
1061,1429
1062,1430
1063,1431
1064,1432
1065,1435
1066,1436
1067,1437
1068,1438
1069,1439
1070,1440
1071,1443
1072,1444
1073,1445
1074,1446
1075,1447
1076,1448
1077,1451
1078,1452
1079,1453
1080,1454
1081,1455
1082,1456
1083,1457
1084,1460
1085,1461
1086,1462
1087,1463
1088,1464
1089,1465
1090,1466
1091,1467
1092,1468
1093,1469
1094,1470
1095,1471
1096,1472
1097,1477
1098,1478
1099,1479
1100,1480
1101,1481
1102,1482
1103,1483
1104,1484
1105,1485
1106,1486
1107,1487
1108,1488
1109,1489
1110,1492
1111,1493
1112,1494
1113,1495
1114,1496
1115,1497
1116,1498
1117,1501
1118,1502
1119,1503
1120,1504
1121,1505
1122,1506
1123,1507
1124,1508
1125,1509
1126,1510
1127,1511
1128,1512
1129,1513
1130,1514
1131,1517
1132,1518
1133,1519
1134,1520
1135,1521
1136,1522
1137,1523
1138,1524
1139,1525
1140,1526
1141,1527
1142,1530
1143,1531
1144,1532
1145,1533
1146,1534
1147,1535
1148,1536
1149,1539
1150,1540
1151,1541
1152,1542
1153,1543
1154,1544
1155,1545
1156,1546
1157,1547
1158,1548
1159,1549
1160,1550
1161,1551
1162,1556
1163,1557
1164,1558
1165,1559
1166,1560
1167,1562
1168,1563
1169,1566
1170,1567
1171,1568
1172,1569
1173,1570
1174,1571
1175,1572
1176,1573
1177,1574
1178,1576
1179,1581
1180,1582
1181,1583
1182,1584
1183,1585
1184,1588
1185,1589
1186,1590
1187,1592
1188,1593
1189,1594
1190,1595
1191,1596
1192,1597
1193,1599
1194,1600
1195,1601
1196,1602
1197,1607
1198,1608
1199,1610
1200,1611
1201,1612
1202,1613
1203,1614
1204,1615
1205,1616
1206,1617
1207,1618
1208,1619
1209,1620
1210,1621
1211,1622
1212,1625
1213,1626
1214,1627
1215,1628
1216,1629
1217,1630
1218,1631
1219,1632
1220,1633
1221,1634
1222,1635
1223,1636
1224,1637
1225,1640
1226,1641
1227,1642
1228,1643
1229,1644
1230,1645
1231,1646
1232,1647
1233,1648
1234,1649
1235,1650
1236,1651
1237,1652
1238,1653
1239,1656
1240,1658
1241,1659
1242,1660
1243,1661
1244,1662
1245,1663
1246,1664
1247,1665
1248,1666
1249,1667
1250,1668
1251,1669
1252,1672
1253,1673
1254,1674
1255,1675
1256,1676
1257,1677
1258,1678
1259,1679
1260,1680
1261,1681
1262,1682
1263,1683
1264,1684
1265,1687
1266,1688
1267,1689
1268,1690
1269,1691
1270,1692
1271,1693
1272,1696
1273,1697
1274,1698
1275,1699
1276,1700
1277,1701
1278,1702
1279,1703
1280,1704
1281,1705
1282,1706
1283,1707
1284,1708
1285,1711
1286,1712
1287,1713
1288,1719
1289,1720
1290,1721
1291,1722
1292,1725
1293,1727
1294,1728
1295,1729
1296,1732
1297,1733
1298,1734
1299,1735
1300,1736
1301,1737
1302,1738
1303,1739
1304,1740
1305,1741
1306,1742
1307,1743
1308,1744
1309,1749
1310,1750
1311,1751
1312,1752
1313,1753
1314,1754
1315,1755
1316,1757
1317,1758
1318,1759
1319,1761
1320,1762
1321,1764
1322,1765
1323,1767
1324,1768
1325,1769
1326,1770
1327,1771
1328,1772
1329,1773
1330,1774
1331,1775
1332,1776
1333,1777
1334,1780
1335,1781
1336,1782
1337,1783
1338,1784
1339,1785
1340,1786
1341,1789
1342,1792
1343,1793
1344,1794
1345,1795
1346,1797
1347,1798
1348,1799
1349,1800
1350,1801
1351,1802
1352,1803
1353,1804
1354,1805
1355,1806
1356,1807
1357,1808
1358,1813
1359,1814
1360,1815
1361,1816
1362,1817
1363,1818
1364,1821
1365,1822
1366,1823
1367,1824
1368,1825
1369,1826
1370,1827
1371,1832
1372,1833
1373,1834
1374,1835
1375,1836
1376,1838
1377,1839
1378,1841
1379,1842
1380,1843
1381,1844
1382,1846
1383,1847
1384,1848
1385,1849
1386,1850
1387,1851
1388,1853
1389,1854
1390,1855
1391,1856
1392,1861
1393,1862
1394,1864
1395,1865
1396,1866
1397,1867
1398,1868
1399,1869
1400,1870
1401,1871
1402,1872
1403,1873
1404,1874
1405,1875
1406,1876
1407,1879
1408,1880
1409,1881
1410,1882
1411,1883
1412,1884
1413,1885
1414,1886
1415,1887
1416,1888
1417,1889
1418,1890
1419,1891
1420,1894
1421,1895
1422,1896
1423,1897
1424,1898
1425,1899
1426,1900
1427,1901
1428,1902
1429,1903
1430,1904
1431,1905
1432,1906
1433,1907
1434,1910
1435,1912
1436,1913
1437,1914
1438,1915
1439,1916
1440,1917
1441,1918
1442,1919
1443,1920
1444,1921
1445,1922
1446,1923
1447,1926
1448,1927
1449,1928
1450,1929
1451,1930
1452,1931
1453,1932
1454,1933
1455,1934
1456,1935
1457,1936
1458,1937
1459,1938
1460,1941
1461,1942
1462,1943
1463,1944
1464,1945
1465,1946
1466,1947
1467,1950
1468,1951
1469,1952
1470,1954
1471,1955
1472,1957
1473,1958
1474,1959
1475,1960
1476,1961
1477,1962
1478,1963
1479,1964
1480,1965
1481,1966
1482,1969
1483,1970
1484,1971
1485,1972
1486,1973
1487,1974
1488,1975
1489,1976
1490,1977
1491,1978
1492,1979
1493,1980
1494,1981
1495,1982
1496,1983
1497,1984
1498,1985
1499,1986
1500,1987
1501,1992
1502,1994
1503,1995
1504,1996
1505,1998
1506,1999
1507,2000
1508,2051
1509,2053
1510,2054
1511,2055
1512,2056
1513,2057
1514,2058
1515,2059
1516,2060
1517,2061
1518,2062
1519,2063
1520,2064
1521,2067
1522,2068
1523,2069
1524,2070
1525,2071
1526,2072
1527,2073
1528,2076
1529,2077
1530,2078
1531,2079
1532,2080
1533,2081
1534,2082
1535,2083
1536,2084
1537,2085
1538,2086
1539,2087
1540,2088
1541,2093
1542,2094
1543,2095
1544,2096
1545,2097
1546,2098
1547,2099
1548,2101
1549,2102
1550,2103
1551,2105
1552,2106
1553,2108
1554,2109
1555,2110
1556,2111
1557,2113
1558,2114
1559,2115
1560,2116
1561,2117
1562,2118
1563,2119
1564,2120
1565,2121
1566,2122
1567,2123
1568,2126
1569,2127
1570,2128
1571,2129
1572,2130
1573,2131
1574,2132
1575,2135
1576,2137
1577,2138
1578,2139
1579,2140
1580,2141
1581,2142
1582,2143
1583,2144
1584,2145
1585,2146
1586,2147
1587,2148
1588,2149
1589,2150
1590,2151
1591,2152
1592,2200
1593,2202
1594,2203
1595,2204
1596,2206
1597,2207
1598,2208
1599,2210
1600,2211
1601,2212
1602,2213
1603,2214
1604,2215
1605,2216
1606,2218
1607,2221
1608,2223
1609,2224
1610,2225
1611,2226
1612,2227
1613,2228
1614,2229
1615,2230
1616,2235
1617,2236
1618,2237
1619,2239
1620,2240
1621,2241
1622,2244
1623,2245
1624,2246
1625,2247
1626,2248
1627,2249
1628,2250
1629,2253
1630,2254
1631,2255
1632,2256
1633,2257
1634,2258
1635,2259
1636,2260
1637,2261
1638,2262
1639,2263
1640,2264
1641,2265
1642,2266
1643,2269
1644,2270
1645,2271
1646,2272
1647,2273
1648,2274
1649,2275
1650,2276
1651,2277
1652,2280
1653,2281
1654,2282
1655,2283
1656,2284
1657,2285
1658,2286
1659,2289
1660,2290
1661,2291
1662,2292
1663,2293
1664,2294
1665,2295
1666,2296
1667,2297
1668,2298
1669,2299
1670,2300
1671,2301
1672,2302
1673,2305
1674,2306
1675,2307
1676,2308
1677,2309
1678,2310
1679,2315
1680,2316
1681,2317
1682,2318
1683,2319
1684,2320
1685,2323
1686,2324
1687,2325
1688,2326
1689,2327
1690,2328
1691,2329
1692,2332
1693,2333
1694,2334
1695,2335
1696,2338
1697,2339
1698,2341
1699,2342
1700,2343
1701,2344
1702,2345
1703,2346
1704,2347
1705,2348
1706,2349
1707,2350
1708,2351
1709,2354
1710,2355
1711,2356
1712,2357
1713,2358
1714,2359
1715,2360
1716,2361
1717,2362
1718,2365
1719,2366
1720,2367
1721,2368
1722,2369
1723,2370
1724,2371
1725,2374
1726,2375
1727,2376
1728,2377
1729,2378
1730,2379
1731,2380
1732,2381
1733,2382
1734,2383
1735,2384
1736,2385
1737,2386
1738,2387
1739,2390
1740,2391
1741,2392
1742,2393
1743,2394
1744,2395
1745,2396
1746,2397
1747,2398
1748,2399
1749,2400
1750,2401
1751,2402
1752,2403
1753,2404
1754,2405
1755,2406
1756,2411
1757,2412
1758,2413
1759,2414
1760,2415
1761,2416
1762,2419
1763,2420
1764,2421
1765,2422
1766,2423
1767,2424
1768,2425
1769,2430
1770,2431
1771,2432
1772,2433
1773,2434
1774,2437
1775,2438
1776,2439
1777,2441
1778,2442
1779,2443
1780,2444
1781,2445
1782,2446
1783,2448
1784,2449
1785,2450
1786,2451
1787,2456
1788,2457
1789,2459
1790,2460
1791,2461
1792,2462
1793,2463
1794,2464
1795,2465
1796,2466
1797,2467
1798,2468
1799,2469
1800,2470
1801,2471
1802,2474
1803,2475
1804,2476
1805,2477
1806,2478
1807,2479
1808,2480
1809,2481
1810,2482
1811,2483
1812,2484
1813,2485
1814,2486
1815,2489
1816,2490
1817,2491
1818,2492
1819,2493
1820,2494
1821,2495
1822,2496
1823,2497
1824,2498
1825,2499
1826,2500
1827,2501
1828,2502
1829,2505
1830,2507
1831,2508
1832,2509
1833,2510
1834,2511
1835,2512
1836,2513
1837,2514
1838,2515
1839,2516
1840,2517
1841,2518
1842,2521
1843,2522
1844,2523
1845,2524
1846,2525
1847,2526
1848,2527
1849,2528
1850,2529
1851,2530
1852,2531
1853,2532
1854,2533
1855,2536
1856,2537
1857,2538
1858,2539
1859,2540
1860,2541
1861,2542
1862,2545
1863,2546
1864,2547
1865,2548
1866,2549
1867,2550
1868,2551
1869,2552
1870,2553
1871,2554
1872,2555
1873,2556
1874,2557
1875,2560
1876,2561
1877,2562
1878,2563
1879,2564
1880,2565
1881,2566
1882,2567
1883,2568
1884,2569
1885,2570
1886,2571
1887,2572
1888,2573
1889,2574
1890,2575
1891,2576
1892,2577
1893,2578
1894,2583
1895,2585
1896,2586
1897,2587
1898,2589
1899,2590
1900,2591
1901,2593
1902,2594
1903,2595
1904,2596
1905,2597
1906,2598
1907,2599
1908,2601
1909,2604
1910,2606
1911,2607
1912,2608
1913,2609
1914,2610
1915,2611
1916,2612
1917,2613
1918,2642
1919,2643
1920,2644
1921,2645
1922,2646
1923,2647
1924,2648
1925,2650
1926,2651
1927,2654
1928,2655
1929,2658
1930,2659
1931,2661
1932,2662
1933,2663
1934,2664
1935,2665
1936,2666
1937,2667
1938,2668
1939,2669
1940,2670
1941,2671
1942,2672
1943,2673
1944,2674
1945,2675
1946,2678
1947,2679
1948,2680
1949,2681
1950,2682
1951,2683
1952,2684
1953,2687
1954,2689
1955,2690
1956,2691
1957,2692
1958,2694
1959,2695
1960,2696
1961,2697
1962,2698
1963,2699
1964,2700
1965,2701
1966,2702
1967,2703
1968,2704
1969,2705
1970,2768
1971,2770
1972,2771
1973,2772
1974,2774
1975,2775
1976,2776
1977,2778
1978,2779
1979,2780
1980,2781
1981,2782
1982,2783
1983,2784
1984,2786
1985,2789
1986,2791
1987,2792
1988,2793
1989,2794
1990,2795
1991,2796
1992,2797
1993,2798
1994,2803
1995,2804
1996,2805
1997,2806
1998,2807
1999,2808
2000,2809
2001,2810
2002,2811
2003,2812
2004,2813
2005,2814
2006,2815
2007,2816
2008,2817
2009,2818
2010,2819
2011,2820
2012,2821
2013,2822
2014,2823
2015,2826
2016,2827
2017,2828
2018,2830
2019,2831
2020,2832
2021,2833
2022,2834
2023,2835
2024,2836
2025,2837
2026,2838
2027,2839
2028,2840
2029,2841
2030,2844
2031,2845
2032,2846
2033,2847
2034,2848
2035,2849
2036,2850
2037,2851
2038,2852
2039,2853
2040,2854
2041,2855
2042,2856
2043,2857
2044,2858
2045,2859
2046,2860
2047,2861
2048,2862
2049,2867
2050,2868
2051,2869
2052,2870
2053,2871
2054,2872
2055,2875
2056,2876
2057,2877
2058,2878
2059,2879
2060,2880
2061,2881
2062,2882
<end>
</var/ftp/usrflash/Project/PMAC Script Language/PLC Programs/PLC14_SeqVs.plc>,14
0,7
1,8
2,13
3,14
4,15
5,16
6,17
7,20
8,21
9,22
10,24
11,25
12,26
13,27
14,28
15,29
16,31
17,32
18,33
19,34
20,39
21,40
22,42
23,43
24,44
25,45
26,46
27,47
28,48
29,49
30,50
31,51
32,52
33,53
34,54
35,57
36,58
37,59
38,60
39,61
40,62
41,63
42,64
43,65
44,66
45,67
46,68
47,69
48,72
49,73
50,74
51,75
52,76
53,77
54,78
55,79
56,80
57,81
58,82
59,83
60,84
61,85
62,88
63,90
64,91
65,92
66,93
67,94
68,95
69,96
70,97
71,98
72,99
73,100
74,101
75,104
76,105
77,106
78,107
79,108
80,109
81,110
82,111
83,112
84,113
85,114
86,115
87,116
88,119
89,120
90,121
91,122
92,123
93,124
94,129
95,130
96,131
97,132
98,133
99,134
100,137
101,138
102,139
103,140
104,141
105,142
106,143
107,146
108,147
109,148
110,149
111,150
112,151
113,152
114,153
115,154
116,155
117,156
118,157
119,158
120,163
121,164
122,165
123,166
124,167
125,168
126,169
127,171
128,172
129,173
130,175
131,176
132,179
133,180
134,182
135,183
136,184
137,185
138,186
139,187
140,188
141,189
142,190
143,191
144,192
145,195
146,196
147,197
148,198
149,199
150,200
151,201
152,204
153,206
154,207
155,208
156,209
157,211
158,212
159,213
160,214
161,215
162,216
163,217
164,218
165,219
166,220
167,221
168,222
169,227
170,228
171,229
172,230
173,231
174,234
175,235
176,236
177,237
178,238
179,239
180,240
181,241
182,242
183,243
184,244
185,245
186,246
187,249
188,250
189,251
190,252
191,254
192,255
193,256
194,259
195,260
196,261
197,262
198,263
199,264
200,265
201,268
202,269
203,270
204,271
205,272
206,273
207,274
208,275
209,276
210,277
211,278
212,279
213,280
214,285
215,286
216,287
217,288
218,289
219,290
220,293
221,294
222,295
223,296
224,297
225,298
226,299
227,302
228,303
229,304
230,305
231,306
232,307
233,308
234,309
235,310
236,311
237,312
238,313
239,314
240,315
241,318
242,319
243,320
244,321
245,322
246,323
247,324
248,325
249,326
250,329
251,330
252,331
253,332
254,333
255,334
256,335
257,338
258,339
259,340
260,341
261,342
262,344
263,345
264,346
265,348
266,349
267,350
268,351
269,352
270,353
271,354
272,355
273,356
274,357
275,358
276,361
277,362
278,363
279,364
280,365
281,366
282,371
283,372
284,373
285,374
286,375
287,376
288,379
289,380
290,381
291,382
292,383
293,384
294,385
295,388
296,389
297,390
298,391
299,392
300,393
301,394
302,395
303,396
304,397
305,398
306,399
307,400
308,401
309,404
310,405
311,406
312,407
313,408
314,409
315,410
316,411
317,412
318,413
319,414
320,415
321,416
322,417
323,418
324,419
325,420
326,449
327,450
328,451
329,452
330,453
331,456
332,457
333,458
334,461
335,462
336,463
337,464
338,465
339,466
340,467
341,472
342,473
343,474
344,475
345,476
346,479
347,480
348,481
349,483
350,484
351,485
352,486
353,487
354,488
355,490
356,491
357,492
358,493
359,498
360,499
361,501
362,502
363,503
364,504
365,505
366,506
367,507
368,508
369,509
370,510
371,511
372,512
373,513
374,516
375,517
376,518
377,519
378,520
379,521
380,522
381,523
382,524
383,525
384,526
385,527
386,528
387,531
388,532
389,533
390,534
391,535
392,536
393,537
394,538
395,539
396,540
397,541
398,542
399,543
400,544
401,562
402,563
403,564
404,565
405,566
406,567
407,568
408,569
409,570
410,571
411,572
412,573
413,574
414,575
415,576
416,577
417,578
418,579
419,580
420,609
421,610
422,611
423,612
424,613
425,614
426,615
427,617
428,618
429,619
430,621
431,622
432,624
433,625
434,627
435,628
436,629
437,630
438,631
439,632
440,633
441,634
442,635
443,636
444,637
445,640
446,641
447,642
448,643
449,644
450,645
451,646
452,649
453,651
454,652
455,653
456,654
457,656
458,657
459,658
460,659
461,660
462,661
463,662
464,663
465,664
466,665
467,666
468,667
469,672
470,673
471,674
472,675
473,676
474,679
475,680
476,681
477,682
478,683
479,684
480,685
481,690
482,691
483,692
484,693
485,694
486,697
487,698
488,699
489,701
490,702
491,703
492,704
493,705
494,706
495,707
496,709
497,710
498,711
499,712
500,717
501,718
502,720
503,721
504,722
505,723
506,724
507,725
508,726
509,727
510,728
511,729
512,730
513,731
514,732
515,735
516,736
517,737
518,738
519,739
520,740
521,741
522,742
523,743
524,744
525,745
526,746
527,747
528,750
529,751
530,752
531,753
532,754
533,755
534,756
535,757
536,758
537,759
538,760
539,761
540,762
541,763
542,781
543,782
544,783
545,784
546,785
547,787
548,788
549,789
550,790
551,791
552,792
553,795
554,796
555,797
556,798
557,799
558,800
559,801
560,802
561,803
562,804
563,835
564,836
565,837
566,838
567,839
568,840
569,841
570,843
571,844
572,845
573,847
574,848
575,850
576,851
577,853
578,854
579,855
580,856
581,857
582,858
583,859
584,860
585,861
586,862
587,863
588,864
589,867
590,868
591,869
592,870
593,871
594,872
595,873
596,876
597,878
598,879
599,880
600,881
601,883
602,884
603,885
604,886
605,887
606,888
607,889
608,890
609,891
610,892
611,893
612,894
613,922
614,923
615,924
616,925
617,926
618,927
619,928
620,929
621,930
622,931
623,932
624,933
625,934
626,935
627,936
628,937
629,938
630,939
631,940
632,941
633,942
634,943
635,944
636,945
637,946
638,947
639,948
640,949
641,950
642,951
643,952
644,953
645,954
646,957
647,958
648,959
649,960
650,961
651,962
652,963
653,966
654,967
655,969
656,970
657,971
658,972
659,973
660,974
661,975
662,976
663,977
664,978
665,979
666,980
667,981
668,982
669,983
670,984
671,985
672,986
673,987
674,988
675,989
676,990
677,991
678,992
679,993
680,994
681,996
682,998
683,999
684,1000
685,1064
686,1065
687,1066
688,1067
689,1068
690,1069
691,1072
692,1073
693,1074
694,1075
695,1076
696,1077
697,1078
698,1083
699,1084
700,1085
701,1086
702,1087
703,1090
704,1091
705,1092
706,1094
707,1095
708,1096
709,1097
710,1098
711,1099
712,1101
713,1102
714,1103
715,1104
716,1109
717,1110
718,1112
719,1113
720,1114
721,1115
722,1116
723,1117
724,1118
725,1119
726,1120
727,1121
728,1122
729,1123
730,1124
731,1127
732,1128
733,1129
734,1130
735,1131
736,1132
737,1133
738,1134
739,1135
740,1136
741,1137
742,1138
743,1139
744,1142
745,1143
746,1144
747,1145
748,1146
749,1147
750,1148
751,1149
752,1150
753,1151
754,1152
755,1153
756,1154
757,1155
758,1158
759,1160
760,1161
761,1162
762,1163
763,1164
764,1165
765,1166
766,1167
767,1168
768,1169
769,1170
770,1171
771,1206
772,1207
773,1208
774,1209
775,1210
776,1211
777,1212
778,1214
779,1215
780,1216
781,1218
782,1219
783,1221
784,1222
785,1224
786,1225
787,1226
788,1227
789,1228
790,1229
791,1230
792,1231
793,1232
794,1233
795,1234
796,1237
797,1238
798,1239
799,1240
800,1241
801,1242
802,1243
803,1246
804,1247
805,1248
806,1249
807,1250
808,1252
809,1253
810,1254
811,1255
812,1256
813,1257
814,1258
815,1259
816,1260
817,1261
818,1262
819,1263
820,1268
821,1269
822,1270
823,1271
824,1272
825,1273
826,1276
827,1277
828,1278
829,1279
830,1280
831,1281
832,1282
833,1287
834,1288
835,1289
836,1290
837,1291
838,1294
839,1295
840,1296
841,1298
842,1299
843,1300
844,1301
845,1302
846,1303
847,1305
848,1306
849,1307
850,1308
851,1313
852,1314
853,1316
854,1317
855,1318
856,1319
857,1320
858,1321
859,1322
860,1323
861,1324
862,1325
863,1326
864,1327
865,1328
866,1331
867,1332
868,1333
869,1334
870,1335
871,1336
872,1337
873,1338
874,1339
875,1340
876,1341
877,1342
878,1343
879,1346
880,1347
881,1348
882,1349
883,1350
884,1351
885,1352
886,1353
887,1354
888,1355
889,1356
890,1357
891,1358
892,1359
893,1362
894,1364
895,1365
896,1366
897,1367
898,1368
899,1369
900,1370
901,1371
902,1372
903,1373
904,1374
905,1375
906,1378
907,1379
908,1380
909,1381
910,1382
911,1383
912,1384
913,1385
914,1386
915,1387
916,1388
917,1389
918,1390
919,1391
920,1392
921,1393
922,1394
923,1395
924,1396
925,1425
926,1426
927,1427
928,1428
929,1429
930,1430
931,1431
932,1433
933,1434
934,1436
935,1438
936,1439
937,1441
938,1442
939,1444
940,1445
941,1446
942,1447
943,1448
944,1449
945,1450
946,1451
947,1452
948,1453
949,1454
950,1455
951,1456
952,1457
953,1458
954,1461
955,1462
956,1463
957,1464
958,1465
959,1466
960,1467
961,1470
962,1472
963,1473
964,1475
965,1476
966,1477
967,1478
968,1479
969,1480
970,1481
971,1482
972,1483
973,1484
974,1485
975,1486
976,1487
977,1488
978,1489
979,1553
980,1554
981,1555
982,1556
983,1557
984,1558
985,1559
986,1560
987,1561
988,1562
989,1563
990,1564
991,1565
992,1566
993,1567
994,1568
995,1569
996,1570
997,1571
998,1572
999,1573
1000,1574
1001,1577
1002,1578
1003,1579
1004,1581
1005,1582
1006,1583
1007,1584
1008,1585
1009,1586
1010,1587
1011,1588
1012,1589
1013,1590
1014,1591
1015,1594
1016,1595
1017,1596
1018,1597
1019,1598
1020,1599
1021,1600
1022,1601
1023,1602
1024,1603
1025,1604
1026,1605
1027,1606
1028,1607
1029,1608
1030,1609
1031,1610
1032,1611
1033,1612
1034,1617
1035,1618
1036,1619
1037,1620
1038,1621
1039,1622
1040,1625
1041,1626
1042,1627
1043,1628
1044,1629
1045,1630
1046,1631
1047,1636
1048,1637
1049,1638
1050,1639
1051,1640
1052,1643
1053,1644
1054,1645
1055,1647
1056,1648
1057,1649
1058,1650
1059,1651
1060,1652
1061,1654
1062,1655
1063,1656
1064,1657
1065,1662
1066,1663
1067,1665
1068,1666
1069,1667
1070,1668
1071,1669
1072,1670
1073,1671
1074,1672
1075,1673
1076,1674
1077,1675
1078,1676
1079,1677
1080,1680
1081,1681
1082,1682
1083,1683
1084,1684
1085,1685
1086,1686
1087,1687
1088,1688
1089,1689
1090,1690
1091,1691
1092,1692
1093,1695
1094,1696
1095,1697
1096,1698
1097,1699
1098,1700
1099,1701
1100,1702
1101,1703
1102,1704
1103,1705
1104,1706
1105,1707
1106,1708
1107,1711
1108,1713
1109,1714
1110,1715
1111,1716
1112,1717
1113,1718
1114,1719
1115,1720
1116,1721
1117,1722
1118,1723
1119,1724
1120,1727
1121,1728
1122,1729
1123,1730
1124,1731
1125,1732
1126,1733
1127,1734
1128,1735
1129,1736
1130,1737
1131,1738
1132,1739
1133,1740
1134,1741
1135,1742
1136,1743
1137,1744
1138,1745
1139,1774
1140,1775
1141,1776
1142,1777
1143,1778
1144,1779
1145,1780
1146,1782
1147,1783
1148,1786
1149,1787
1150,1789
1151,1790
1152,1792
1153,1793
1154,1794
1155,1795
1156,1796
1157,1797
1158,1798
1159,1799
1160,1800
1161,1801
1162,1802
1163,1803
1164,1804
1165,1805
1166,1806
1167,1809
1168,1810
1169,1811
1170,1812
1171,1813
1172,1814
1173,1815
1174,1818
1175,1821
1176,1822
1177,1823
1178,1824
1179,1825
1180,1826
1181,1827
1182,1828
1183,1829
1184,1830
1185,1831
1186,1832
1187,1833
1188,1834
1189,1835
1190,1836
1191,1899
1192,1900
1193,1901
1194,1902
1195,1903
1196,1904
1197,1905
1198,1906
1199,1907
1200,1908
1201,1909
1202,1910
1203,1911
1204,1912
1205,1913
1206,1914
1207,1915
1208,1916
1209,1917
1210,1918
1211,1919
1212,1922
1213,1923
1214,1924
1215,1926
1216,1927
1217,1928
1218,1929
1219,1930
1220,1931
1221,1932
1222,1933
1223,1934
1224,1935
1225,1936
1226,1937
1227,1940
1228,1941
1229,1942
1230,1943
1231,1944
1232,1945
1233,1946
1234,1947
1235,1948
1236,1949
1237,1950
1238,1951
1239,1952
1240,1953
1241,1954
1242,1955
1243,1956
1244,1957
1245,1958
1246,1963
1247,1964
1248,1965
1249,1966
1250,1967
1251,1968
1252,1971
1253,1972
1254,1973
1255,1974
1256,1975
1257,1976
1258,1977
1259,1978
<end>
</var/ftp/usrflash/Project/PMAC Script Language/PLC Programs/PLC20_Cylinder.plc>,20
0,10
1,11
2,12
3,13
4,14
5,15
6,16
7,17
8,18
9,19
10,20
11,21
12,23
13,24
14,25
15,26
16,27
17,28
18,29
19,30
20,31
21,32
22,33
23,34
24,36
25,37
26,38
27,39
28,40
29,41
30,42
31,43
32,44
33,45
34,46
35,47
36,49
37,50
38,51
39,52
40,53
41,54
42,55
43,56
44,57
45,58
46,59
47,60
48,62
49,63
50,64
51,65
52,66
53,67
54,68
55,69
56,70
57,71
58,72
59,73
60,75
61,76
62,77
63,78
64,79
65,80
66,81
67,82
68,83
69,84
70,85
71,86
72,101
73,102
74,103
75,104
76,105
77,106
78,107
79,108
80,109
81,110
82,111
83,112
84,113
85,120
86,121
87,123
88,124
89,125
90,126
91,127
92,128
93,129
94,130
95,135
96,136
97,137
98,139
99,140
100,141
101,142
102,143
103,144
104,145
105,146
106,147
107,148
108,149
109,150
110,151
111,152
112,153
113,155
114,156
115,157
116,158
117,159
118,160
119,161
120,162
121,164
122,165
123,167
124,168
125,169
126,170
127,171
128,172
129,173
130,174
131,175
132,176
133,177
134,178
135,181
136,182
137,184
138,185
139,186
140,187
141,188
142,189
143,190
144,191
145,196
146,197
147,198
148,199
149,200
150,201
151,202
152,204
153,205
154,206
155,207
156,208
157,210
158,211
159,212
160,213
161,215
162,216
163,217
164,218
165,219
166,220
167,222
168,223
169,224
170,225
171,227
172,228
173,229
174,230
175,231
176,232
177,235
178,236
179,237
180,238
181,239
182,240
183,243
184,244
185,245
186,246
187,247
188,248
189,249
190,250
191,251
192,252
193,253
194,254
195,255
196,256
197,257
198,258
199,259
200,260
201,261
202,262
203,263
204,264
205,265
206,268
207,269
208,270
209,271
210,272
211,273
212,274
213,275
214,276
215,279
216,280
217,281
218,282
219,283
220,284
221,285
222,288
223,289
224,290
225,291
226,292
227,295
228,296
229,297
230,298
231,299
232,300
233,301
234,302
235,303
236,304
237,305
238,306
239,307
240,308
241,309
242,312
243,313
244,314
245,315
246,316
247,317
248,318
249,319
250,322
251,323
252,324
253,325
254,326
255,327
256,328
257,329
258,330
259,331
260,332
261,333
262,334
263,337
264,338
265,339
266,340
267,341
268,342
269,343
270,344
271,345
272,346
273,347
274,348
275,351
276,352
277,353
278,354
279,355
280,356
281,357
282,358
283,359
284,360
285,361
286,362
287,363
288,367
289,368
290,369
291,370
292,371
293,372
294,373
295,376
296,377
297,378
298,379
299,380
300,385
301,386
302,387
303,388
304,389
305,391
306,392
307,393
308,395
309,396
310,397
311,398
312,399
313,400
314,401
315,402
316,404
317,405
318,406
319,407
320,408
321,409
322,411
323,412
324,413
325,414
326,416
327,417
328,418
329,419
330,420
331,421
332,424
333,425
334,426
335,427
336,428
337,429
338,432
339,433
340,434
341,435
342,436
343,437
344,438
345,439
346,440
347,441
348,442
349,443
350,444
351,445
352,446
353,447
354,448
355,449
356,450
357,451
358,452
359,453
360,454
361,455
362,458
363,459
364,460
365,461
366,462
367,463
368,464
369,465
370,466
371,469
372,470
373,471
374,472
375,473
376,474
377,475
378,478
379,479
380,480
381,481
382,482
383,485
384,486
385,487
386,488
387,489
388,490
389,491
390,492
391,493
392,494
393,495
394,496
395,497
396,498
397,502
398,503
399,504
400,505
401,506
402,509
403,510
404,511
405,512
406,513
407,514
408,516
409,517
410,518
411,519
412,520
413,521
414,522
415,523
416,524
417,527
418,528
419,529
420,530
421,531
422,532
423,533
424,536
425,537
426,538
427,539
428,540
429,541
430,542
431,544
432,545
433,546
434,547
435,548
436,549
437,550
438,551
439,552
440,555
441,556
442,557
443,558
444,559
445,564
446,565
447,566
448,567
449,568
450,569
451,570
452,571
453,573
454,574
455,575
456,576
457,577
458,578
459,579
460,580
461,582
462,583
463,584
464,585
465,586
466,587
467,589
468,590
469,591
470,592
471,594
472,595
473,596
474,597
475,598
476,599
477,600
478,603
479,604
480,605
481,606
482,607
483,608
484,611
485,612
486,613
487,614
488,615
489,616
490,617
491,618
492,619
493,620
494,621
495,622
496,623
497,624
498,625
499,626
500,627
501,628
502,629
503,630
504,631
505,632
506,633
507,636
508,637
509,638
510,639
511,640
512,641
513,642
514,643
515,644
516,647
517,648
518,649
519,650
520,651
521,652
522,653
523,656
524,657
525,658
526,659
527,660
528,663
529,664
530,665
531,666
532,667
533,668
534,669
535,670
536,671
537,672
538,673
539,674
540,675
541,676
542,680
543,681
544,682
545,683
546,684
547,687
548,688
549,689
550,690
551,691
552,692
553,694
554,695
555,696
556,697
557,698
558,699
559,700
560,701
561,702
562,705
563,706
564,707
565,708
566,709
567,710
568,711
569,714
570,715
571,716
572,717
573,718
574,719
575,720
576,722
577,723
578,724
579,725
580,726
581,727
582,728
583,729
584,730
585,733
586,734
587,735
588,736
589,737
590,739
<end>
</var/ftp/usrflash/Project/PMAC Script Language/PLC Programs/PLC21_TestShot.plc>,21
0,10
1,11
2,12
3,13
4,14
5,15
6,17
7,18
8,19
9,20
10,22
11,24
12,25
13,26
14,28
15,29
16,30
17,31
18,36
19,37
20,38
21,39
22,41
23,42
24,43
25,44
26,45
27,48
28,49
29,50
30,51
31,54
32,55
33,56
34,57
35,58
36,61
37,62
38,63
39,64
40,67
41,68
42,69
43,70
44,71
45,74
46,75
47,76
48,77
49,78
50,79
51,80
52,81
53,82
54,83
55,84
56,85
57,86
58,87
59,88
<end>
</var/ftp/usrflash/Project/PMAC Script Language/PLC Programs/PLC22_LaserCtrl.plc>,22
0,10
1,11
2,12
3,13
4,14
5,15
6,16
7,17
8,19
9,20
10,21
11,22
12,23
13,24
14,25
15,26
16,28
17,29
18,34
19,35
20,36
21,37
22,38
23,39
24,41
25,42
26,43
27,44
28,45
29,46
30,48
31,49
32,50
33,51
34,53
35,54
36,55
37,56
38,57
39,58
40,61
41,62
42,63
43,64
44,65
45,66
46,67
47,68
48,69
49,70
50,71
51,72
52,73
53,74
54,75
55,78
56,79
57,80
58,81
59,82
60,83
61,84
62,85
63,86
64,87
65,88
66,89
67,90
68,91
69,92
70,95
71,96
72,97
73,98
74,99
75,100
76,101
77,102
78,103
79,104
80,105
81,106
82,107
83,108
84,109
85,112
86,113
87,114
88,115
89,116
90,117
91,118
92,119
93,120
94,121
95,122
96,123
97,124
98,125
99,126
100,129
101,130
102,131
103,132
104,133
105,134
106,135
107,140
108,141
109,142
110,143
111,144
112,145
113,147
114,148
115,149
116,150
117,151
118,152
119,154
120,155
121,156
122,157
123,159
124,160
125,161
126,162
127,163
128,164
129,167
130,168
131,169
132,170
133,171
134,172
135,173
136,174
137,175
138,176
139,177
140,178
141,179
142,180
143,181
144,184
145,185
146,186
147,187
148,188
149,189
150,190
151,191
152,192
153,193
154,194
155,195
156,196
157,197
158,198
159,201
160,202
161,203
162,204
163,205
164,206
165,207
166,208
167,209
168,210
169,211
170,212
171,213
172,214
173,215
174,218
175,219
176,220
177,221
178,222
179,223
180,224
181,225
182,226
183,227
184,228
185,229
186,230
187,231
188,232
189,235
190,236
191,237
192,238
193,239
194,240
195,241
196,246
197,247
198,248
199,249
200,250
201,251
202,253
203,254
204,255
205,256
206,257
207,258
208,259
209,261
210,262
211,263
212,264
213,266
214,267
215,268
216,269
217,270
218,273
219,274
220,275
221,276
222,277
223,278
224,279
225,280
226,281
227,282
228,283
229,284
230,285
231,286
232,287
233,290
234,291
235,292
236,293
237,294
238,295
239,296
240,299
241,301
242,302
243,303
244,304
245,305
246,307
247,308
248,309
249,310
250,311
251,312
252,313
253,314
254,315
255,316
256,318
257,319
258,320
259,321
260,322
261,323
262,324
263,325
264,326
265,327
266,329
267,330
268,331
269,332
270,333
271,334
272,335
273,336
274,337
275,338
276,340
277,341
278,344
279,345
280,346
281,347
282,348
283,349
284,350
285,355
286,356
287,357
288,358
289,359
290,360
291,362
292,363
293,364
294,365
295,366
296,367
297,368
298,370
299,371
300,372
301,373
302,375
303,376
304,377
305,378
306,379
307,382
308,383
309,384
310,385
311,386
312,387
313,388
314,389
315,390
316,391
317,392
318,393
319,394
320,395
321,396
322,399
323,400
324,401
325,402
326,403
327,404
328,405
329,408
330,410
331,411
332,412
333,413
334,414
335,416
336,417
337,418
338,419
339,420
340,421
341,422
342,423
343,424
344,425
345,427
346,428
347,429
348,430
349,431
350,432
351,433
352,434
353,435
354,436
355,438
356,439
357,440
358,441
359,442
360,443
361,444
362,445
363,446
364,447
365,449
366,450
367,453
368,454
369,455
370,456
371,457
372,458
373,459
374,461
<end>
</var/ftp/usrflash/Project/PMAC Script Language/PLC Programs/PLC23_TargetMove.plc>,23
0,12
1,13
2,14
3,15
4,16
5,17
6,19
7,20
8,21
9,22
10,23
11,24
12,25
13,27
14,28
15,29
16,30
17,35
18,37
19,38
20,39
21,40
22,41
23,42
24,43
25,44
26,45
27,46
28,47
29,48
30,51
31,52
32,53
33,54
34,55
35,56
36,57
37,58
38,59
39,60
40,61
41,62
42,65
43,66
44,67
45,68
46,69
47,70
48,71
49,72
50,73
51,74
52,75
53,76
54,77
55,80
56,81
57,82
58,83
59,84
60,85
61,86
62,87
63,88
64,89
65,90
66,91
67,96
68,97
69,98
70,99
71,100
72,101
73,102
74,104
75,105
76,106
77,108
78,109
79,110
80,112
81,113
82,114
83,115
84,116
85,117
86,118
87,119
88,120
89,121
90,124
91,125
92,126
93,127
94,128
95,129
96,130
97,133
98,134
99,135
100,136
101,137
102,138
103,139
104,140
105,141
106,142
107,143
108,144
109,149
110,150
111,151
112,152
113,153
114,156
115,157
116,158
117,159
118,160
119,162
120,163
121,168
122,169
123,170
124,171
125,172
126,173
127,175
128,176
129,177
130,178
131,179
132,180
133,181
134,183
135,184
136,185
137,186
138,191
139,193
140,194
141,195
142,196
143,197
144,198
145,199
146,200
147,201
148,202
149,203
150,204
151,207
152,208
153,209
154,210
155,211
156,212
157,213
158,214
159,215
160,216
161,217
162,218
163,221
164,222
165,223
166,224
167,225
168,226
169,227
170,228
171,229
172,230
173,231
174,232
175,233
176,236
177,237
178,238
179,239
180,240
181,241
182,242
183,243
184,244
185,245
186,246
187,247
188,252
189,253
190,254
191,255
192,257
193,258
194,259
195,261
196,262
197,263
198,265
199,266
200,267
201,269
202,270
203,271
204,272
205,273
206,274
207,275
208,276
209,277
210,278
211,281
212,282
213,283
214,284
215,285
216,286
217,287
218,290
219,291
220,292
221,293
222,294
223,295
224,296
225,297
226,298
227,299
228,300
229,301
230,306
231,307
232,308
233,309
234,310
235,313
236,314
237,315
238,316
239,317
240,319
241,320
242,321
<end>
</var/ftp/usrflash/Project/PMAC Script Language/PLC Programs/PLC24_Cover.plc>,24
0,10
1,11
2,12
3,13
4,14
5,15
6,16
7,17
8,18
9,20
10,21
11,22
12,23
13,24
14,25
15,27
16,28
17,29
18,30
19,32
20,33
21,34
22,35
23,36
24,37
25,38
26,39
27,40
28,41
29,42
30,45
31,46
32,47
33,48
34,49
35,50
36,51
37,52
38,53
39,54
40,57
41,58
42,59
43,61
44,62
45,63
46,64
47,65
48,66
49,67
50,68
51,69
52,70
53,71
54,72
55,73
56,74
57,75
58,76
59,77
60,78
61,81
62,82
63,83
64,84
65,85
66,86
67,87
68,90
69,91
70,92
71,93
72,94
73,95
74,96
75,97
76,98
77,99
78,100
79,101
80,104
81,105
82,106
83,107
84,108
85,109
86,110
87,111
88,112
89,113
90,114
91,115
92,116
93,119
94,120
95,121
96,122
97,123
98,124
99,125
100,128
101,129
102,130
103,131
104,132
105,133
106,134
107,135
108,136
109,137
110,138
111,139
112,140
113,143
114,144
115,145
116,146
117,147
118,148
119,151
120,152
121,153
122,154
123,155
124,156
125,157
126,158
127,159
128,160
129,161
130,164
131,165
132,166
133,167
134,168
135,169
136,170
137,171
138,172
139,173
140,176
141,177
142,178
143,179
144,180
145,181
146,182
147,183
148,184
149,185
150,186
151,187
152,188
153,191
154,192
155,193
156,194
157,195
158,196
159,199
160,200
161,201
162,202
163,203
164,206
165,207
166,208
167,209
168,210
169,211
170,212
171,217
172,218
173,219
174,220
175,221
176,222
177,223
178,224
179,226
180,227
181,228
182,229
183,230
184,231
185,233
186,234
187,235
188,236
189,238
190,239
191,240
192,241
193,242
194,243
195,244
196,245
197,246
198,247
199,248
200,251
201,252
202,253
203,254
204,255
205,256
206,257
207,258
208,259
209,260
210,263
211,264
212,265
213,266
214,267
215,268
216,269
217,270
218,271
219,272
220,273
221,274
222,275
223,276
224,277
225,280
226,281
227,282
228,283
229,284
230,285
231,286
232,289
233,290
234,291
235,292
236,293
237,294
238,295
239,296
240,297
241,298
242,299
243,300
244,303
245,304
246,305
247,306
248,307
249,308
250,309
251,310
252,311
253,312
254,313
255,314
256,315
257,318
258,319
259,320
260,321
261,322
262,323
263,324
264,327
265,328
266,329
267,330
268,331
269,332
270,333
271,334
272,335
273,336
274,337
275,338
276,339
277,342
278,343
279,344
280,345
281,346
282,347
283,350
284,351
285,352
286,353
287,354
288,355
289,356
290,357
291,358
292,359
293,360
294,363
295,364
296,365
297,366
298,367
299,368
300,369
301,370
302,371
303,372
304,375
305,376
306,377
307,378
308,379
309,380
310,381
311,382
312,383
313,384
314,385
315,386
316,387
317,390
318,391
319,392
320,393
321,394
322,395
323,398
324,399
325,400
326,401
327,402
328,403
329,406
330,407
331,408
332,409
333,410
334,411
335,412
336,415
337,416
338,417
339,418
340,419
341,420
342,421
343,422
344,423
345,424
346,425
347,426
348,427
349,430
350,431
351,432
352,433
353,434
354,435
355,438
356,439
357,440
358,441
359,442
360,445
361,446
362,447
363,448
364,449
365,450
366,451
367,456
368,457
369,458
370,459
371,460
372,461
373,463
374,464
375,465
376,466
377,467
378,468
379,470
380,471
381,472
382,473
383,475
384,476
385,477
386,478
387,479
388,480
389,481
390,482
391,483
392,484
393,485
394,486
395,489
396,491
397,492
398,494
399,495
400,496
401,499
402,501
403,502
404,503
405,504
406,505
407,506
408,507
409,508
410,509
411,510
412,511
413,515
414,516
415,517
416,518
417,519
418,522
419,523
420,524
421,525
422,526
423,527
424,528
425,533
426,534
427,535
428,536
429,537
430,538
431,540
432,541
433,542
434,543
435,544
436,545
437,547
438,548
439,549
440,550
441,552
442,553
443,554
444,555
445,556
446,557
447,558
448,559
449,560
450,561
451,562
452,565
453,567
454,568
455,570
456,571
457,572
458,575
459,577
460,578
461,579
462,580
463,581
464,582
465,583
466,584
467,585
468,586
469,587
470,591
471,592
472,593
473,594
474,595
475,598
476,599
477,600
478,601
479,602
480,603
481,604
482,609
483,610
484,611
485,612
486,613
487,614
488,616
489,617
490,618
491,619
492,620
493,621
494,623
495,624
496,625
497,626
498,628
499,629
500,630
501,631
502,632
503,633
504,634
505,635
506,636
507,637
508,638
509,641
510,642
511,643
512,644
513,645
514,646
515,647
516,648
517,649
518,650
519,653
520,654
521,655
522,656
523,657
524,658
525,659
526,660
527,661
528,662
529,663
530,664
531,665
532,666
533,667
534,670
535,671
536,672
537,673
538,674
539,675
540,676
541,679
542,680
543,681
544,682
545,683
546,684
547,685
548,686
549,687
550,688
551,689
552,690
553,693
554,694
555,695
556,696
557,697
558,698
559,699
560,700
561,701
562,702
563,703
564,704
565,705
566,708
567,709
568,710
569,711
570,712
571,713
572,714
573,717
574,718
575,719
576,720
577,721
578,722
579,723
580,724
581,725
582,726
583,727
584,728
585,729
586,732
587,733
588,734
589,735
590,736
591,737
592,740
593,741
594,742
595,743
596,744
597,745
598,746
599,747
600,748
601,749
602,750
603,751
604,752
605,755
606,756
607,757
608,758
609,759
610,760
611,761
612,762
613,763
614,764
615,765
616,766
617,767
618,770
619,771
620,772
621,773
622,774
623,775
624,778
625,779
626,780
627,781
628,782
629,785
630,786
631,787
632,788
633,789
634,790
635,791
636,796
637,797
638,798
639,799
640,800
641,801
642,803
643,804
644,805
645,806
646,807
647,808
648,810
649,811
650,812
651,813
652,815
653,816
654,817
655,818
656,819
657,820
658,821
659,822
660,823
661,824
662,825
663,828
664,829
665,830
666,831
667,832
668,833
669,834
670,835
671,836
672,837
673,840
674,841
675,842
676,843
677,844
678,845
679,846
680,847
681,848
682,849
683,850
684,851
685,852
686,853
687,854
688,857
689,858
690,859
691,860
692,861
693,862
694,863
695,866
696,867
697,868
698,869
699,870
700,871
701,872
702,873
703,874
704,875
705,876
706,877
707,880
708,881
709,882
710,883
711,884
712,885
713,886
714,887
715,888
716,889
717,890
718,891
719,892
720,895
721,896
722,897
723,898
724,899
725,900
726,901
727,904
728,905
729,906
730,907
731,908
732,909
733,910
734,911
735,912
736,913
737,914
738,915
739,916
740,919
741,920
742,921
743,922
744,923
745,924
746,927
747,928
748,929
749,930
750,931
751,932
752,933
753,934
754,935
755,936
756,937
757,938
758,939
759,942
760,943
761,944
762,945
763,946
764,947
765,948
766,951
767,952
768,953
769,954
770,955
771,956
772,957
773,958
774,959
775,960
776,961
777,962
778,963
779,966
780,967
781,968
782,969
783,970
784,971
785,974
786,975
787,976
788,977
789,978
790,979
791,982
792,983
793,984
794,985
795,986
796,987
797,988
798,991
799,992
800,993
801,994
802,995
803,996
804,997
805,998
806,999
807,1000
808,1001
809,1002
810,1003
811,1006
812,1007
813,1008
814,1009
815,1010
816,1011
817,1014
818,1015
819,1016
820,1017
821,1018
822,1021
823,1022
824,1023
825,1024
826,1025
827,1026
828,1027
829,1028
<end>
</var/ftp/usrflash/Project/PMAC Script Language/PLC Programs/PLC25_BlowOff.plc>,25
0,7
1,9
2,10
3,11
4,12
5,13
6,14
7,15
8,16
9,18
10,19
11,20
12,21
13,22
14,23
15,24
16,25
17,26
18,27
19,28
20,29
21,31
22,32
23,33
24,35
25,36
26,42
27,43
28,44
29,45
30,46
31,47
32,48
33,50
34,51
35,52
36,53
37,54
38,55
39,57
40,58
41,59
42,60
43,62
44,63
45,64
46,65
47,66
48,67
49,68
50,69
51,70
52,71
53,72
54,73
55,74
56,75
57,76
58,77
59,78
60,79
61,80
62,81
63,82
64,84
65,85
66,86
67,87
68,88
69,91
70,92
71,93
72,94
73,95
74,96
75,97
76,101
77,102
78,103
79,104
80,105
81,106
82,107
83,109
84,110
85,111
86,112
87,113
88,114
89,116
90,117
91,118
92,119
93,121
94,122
95,123
96,124
97,125
98,126
99,127
100,128
101,129
102,130
103,131
104,132
105,133
106,134
107,135
108,136
109,137
110,138
111,139
112,141
113,142
114,143
115,144
116,145
117,146
118,147
119,148
120,149
121,150
122,151
123,152
124,153
125,154
126,155
127,156
128,157
129,158
130,159
131,160
132,161
133,163
134,164
135,165
136,166
137,167
138,170
139,171
140,172
141,173
142,174
143,175
144,176
145,177
<end>
</var/ftp/usrflash/Project/PMAC Script Language/PLC Programs/PLC27_PickAndPlace.plc>,27
0,30
1,31
2,32
3,33
4,34
5,35
6,37
7,38
8,39
9,40
10,41
11,42
12,43
13,46
14,47
15,48
16,49
17,54
18,55
19,56
20,57
21,58
22,59
23,60
24,61
25,62
26,63
27,64
28,65
29,66
30,69
31,70
32,71
33,72
34,73
35,74
36,75
37,76
38,77
39,78
40,79
41,80
42,83
43,84
44,85
45,86
46,87
47,88
48,89
49,90
50,91
51,92
52,93
53,94
54,95
55,98
56,99
57,100
58,101
59,102
60,103
61,104
62,105
63,106
64,107
65,108
66,109
67,112
68,113
69,114
70,115
71,116
72,117
73,118
74,120
75,121
76,122
77,123
78,124
79,125
80,126
81,127
82,128
83,129
84,130
85,132
86,133
87,134
88,135
89,136
90,137
91,138
92,139
93,140
94,141
95,142
96,143
97,148
98,150
99,151
100,152
101,155
102,156
103,157
104,158
105,159
106,160
107,161
108,162
109,163
110,164
111,165
112,166
113,169
114,171
115,172
116,173
117,174
118,175
119,177
120,178
121,179
122,180
123,181
124,183
125,184
126,187
127,189
128,190
129,191
130,192
131,193
132,194
133,195
134,196
135,197
136,198
137,199
138,202
139,204
140,205
141,206
142,207
143,208
144,210
145,211
146,212
147,213
148,214
149,216
150,217
151,220
152,222
153,223
154,224
155,225
156,226
157,227
158,228
159,229
160,230
161,231
162,232
163,235
164,237
165,238
166,239
167,242
168,243
169,244
170,245
171,246
172,247
173,248
174,249
175,251
176,252
177,253
178,254
179,255
180,256
181,257
182,258
183,259
184,262
185,263
186,264
187,265
188,266
189,267
190,268
191,269
192,270
193,271
194,272
195,273
196,279
197,280
198,281
199,282
200,283
201,284
202,287
203,288
204,289
205,290
206,291
207,292
208,293
209,296
210,297
211,298
212,299
213,300
214,301
215,302
216,303
217,304
218,305
219,306
220,307
221,308
222,309
223,310
224,313
225,314
226,315
227,316
228,317
229,318
230,319
231,322
232,323
233,324
234,325
235,326
236,327
237,328
238,329
239,330
240,331
241,332
242,333
243,334
244,335
245,336
246,337
247,340
248,341
249,342
250,343
251,344
252,345
253,346
254,349
255,350
256,351
257,352
258,353
259,354
260,355
261,356
262,357
263,358
264,359
265,360
266,361
267,362
268,363
269,364
270,367
271,368
272,369
273,370
274,371
275,372
276,373
277,376
278,377
279,378
280,379
281,380
282,381
283,382
284,383
285,384
286,385
287,386
288,387
289,388
290,391
291,392
292,393
293,394
294,395
295,396
296,397
297,398
298,399
299,400
300,401
301,402
302,403
303,404
304,405
305,406
306,411
307,413
308,414
309,415
310,416
311,417
312,419
313,420
314,421
315,422
316,423
317,425
318,426
319,429
320,431
321,432
322,433
323,434
324,435
325,436
326,437
327,438
328,439
329,440
330,441
331,444
332,446
333,447
334,448
335,449
336,450
337,452
338,453
339,454
340,455
341,456
342,458
343,459
344,462
345,464
346,465
347,466
348,467
349,468
350,469
351,470
352,471
353,472
354,473
355,474
356,477
357,478
358,479
359,480
360,481
361,484
362,485
363,486
364,487
365,488
366,489
367,490
368,491
369,493
370,494
371,495
372,496
373,497
374,498
375,499
376,500
377,501
378,504
379,505
380,506
381,507
382,508
383,509
384,510
385,511
386,512
387,513
388,514
389,515
390,521
391,522
392,523
393,524
394,525
395,526
396,529
397,530
398,531
399,532
400,533
401,534
402,535
403,538
404,539
405,540
406,541
407,542
408,543
409,544
410,545
411,546
412,547
413,548
414,549
415,550
416,551
417,552
418,553
419,556
420,557
421,558
422,559
423,560
424,561
425,562
426,565
427,566
428,567
429,568
430,569
431,570
432,571
433,572
434,573
435,574
436,575
437,576
438,577
439,578
440,579
441,580
442,583
443,584
444,585
445,586
446,587
447,588
448,589
449,592
450,593
451,594
452,595
453,596
454,597
455,598
456,599
457,600
458,601
459,602
460,603
461,606
462,607
463,608
464,609
465,610
466,611
467,612
468,613
469,614
470,615
471,616
472,617
473,618
474,619
475,620
476,621
477,626
478,627
479,628
480,629
481,630
482,633
483,634
484,635
485,636
486,637
487,638
488,639
489,640
490,641
491,642
492,643
493,644
494,647
495,649
496,650
497,651
498,652
499,653
500,655
501,656
502,657
503,658
504,659
505,661
506,662
507,665
508,667
509,668
510,669
511,670
512,671
513,672
514,673
515,674
516,675
517,676
518,677
519,680
520,682
521,683
522,684
523,685
524,686
525,688
526,689
527,690
528,691
529,692
530,694
531,695
532,698
533,699
534,700
535,701
536,702
537,703
538,704
539,705
540,706
541,707
542,708
543,709
544,712
545,713
546,714
547,715
548,716
549,719
550,720
551,721
552,722
553,723
554,724
555,725
556,726
557,728
558,729
559,730
560,731
561,732
562,733
563,734
564,735
565,736
566,739
567,740
568,741
569,742
570,743
571,744
572,745
573,746
574,747
575,748
576,749
577,750
578,755
579,756
580,757
581,758
582,759
583,760
584,763
585,764
586,765
587,766
588,767
589,768
590,769
591,772
592,773
593,774
594,775
595,776
596,777
597,778
598,779
599,780
600,781
601,782
602,783
603,784
604,785
605,786
606,789
607,790
608,791
609,792
610,793
611,794
612,795
613,798
614,799
615,800
616,801
617,802
618,803
619,804
620,805
621,806
622,807
623,808
624,809
625,810
626,811
627,812
628,813
629,816
630,817
631,818
632,819
633,820
634,821
635,822
636,825
637,826
638,827
639,828
640,829
641,830
642,831
643,832
644,833
645,834
646,835
647,836
648,837
649,838
650,839
651,840
652,843
653,844
654,845
655,846
656,847
657,848
658,849
659,852
660,853
661,854
662,855
663,856
664,857
665,858
666,859
667,860
668,861
669,862
670,863
671,864
672,867
673,868
674,869
675,870
676,871
677,872
678,873
679,874
680,875
681,876
682,877
683,878
684,879
685,880
686,881
687,882
688,887
689,889
690,890
691,891
692,892
693,893
694,895
695,896
696,897
697,898
698,899
699,901
700,902
701,905
702,907
703,908
704,909
705,910
706,911
707,912
708,913
709,914
710,915
711,916
712,917
713,920
714,922
715,923
716,924
717,925
718,926
719,928
720,929
721,930
722,931
723,932
724,934
725,935
726,938
727,939
728,940
729,941
730,942
731,943
732,944
733,945
734,946
735,947
736,948
737,949
738,952
739,954
740,955
741,956
742,959
743,960
744,961
745,962
746,963
747,964
748,965
749,966
750,968
751,969
752,970
753,971
754,972
755,973
756,974
757,975
758,976
759,979
760,980
761,981
762,982
763,983
764,984
765,985
766,986
767,987
768,988
769,989
770,990
771,995
772,996
773,997
774,998
775,999
776,1000
777,1003
778,1004
779,1005
780,1006
781,1007
782,1008
783,1009
784,1012
785,1013
786,1014
787,1015
788,1016
789,1017
790,1018
791,1019
792,1020
793,1021
794,1022
795,1023
796,1024
797,1025
798,1026
799,1027
800,1030
801,1031
802,1032
803,1033
804,1034
805,1035
806,1036
807,1039
808,1040
809,1041
810,1042
811,1043
812,1044
813,1045
814,1046
815,1047
816,1048
817,1049
818,1050
819,1051
820,1052
821,1053
822,1054
823,1057
824,1058
825,1059
826,1060
827,1061
828,1062
829,1063
830,1066
831,1067
832,1068
833,1069
834,1070
835,1071
836,1072
837,1073
838,1074
839,1075
840,1076
841,1077
842,1080
843,1081
844,1082
845,1083
846,1084
847,1085
848,1086
849,1087
850,1088
851,1089
852,1090
853,1091
854,1092
855,1093
856,1094
857,1095
858,1098
859,1099
860,1103
861,1106
862,1107
863,1108
864,1109
865,1110
866,1112
867,1113
<end>
</var/ftp/usrflash/Project/PMAC Script Language/PLC Programs/PLC28_VisionTrigger.plc>,28
0,7
1,8
2,9
3,11
4,12
5,14
6,15
7,16
8,17
9,18
<end>
</var/ftp/usrflash/Project/PMAC Script Language/PLC Programs/PLC30_Test.plc>,30
0,7
1,8
2,9
3,10
4,11
5,12
6,13
7,14
8,15
9,16
10,17
11,18
12,19
13,20
14,21
15,22
16,23
17,24
18,25
19,26
20,27
21,28
22,30
23,31
24,32
25,34
26,35
27,36
28,37
29,38
30,39
31,40
32,42
33,43
34,44
35,45
36,46
37,47
38,48
39,49
40,50
41,52
42,53
43,54
44,56
45,57
46,58
47,60
48,61
49,62
50,64
51,65
52,66
53,68
54,69
55,70
56,72
57,73
58,74
59,76
60,77
61,78
62,80
63,81
64,82
65,84
66,85
67,86
68,88
69,89
70,90
71,92
72,93
73,94
74,96
75,98
76,99
<end>
</var/ftp/usrflash/Project/PMAC Script Language/PLC Programs/PLC31_ReqSim.plc>,31
0,33
1,34
2,35
3,37
4,38
5,39
6,44
7,45
8,46
9,47
10,48
11,50
12,51
13,52
14,53
15,54
16,55
17,56
18,57
19,58
20,59
21,60
22,62
23,63
24,64
25,65
26,66
27,67
28,69
29,70
30,71
31,72
32,74
33,75
34,76
35,77
36,78
37,79
38,81
39,82
40,83
41,84
42,86
43,87
44,88
45,89
46,90
47,91
48,92
49,93
50,95
51,96
52,97
53,98
54,99
55,100
56,101
57,102
58,103
59,104
60,109
61,110
62,111
63,112
64,113
65,114
66,115
67,116
68,117
69,118
70,120
71,121
72,122
73,123
74,125
75,126
76,127
77,128
78,129
79,130
80,131
81,132
82,134
83,135
84,136
85,137
86,138
87,139
88,140
89,141
90,142
91,143
92,145
93,146
94,147
95,148
96,149
97,150
98,151
99,152
100,153
101,154
102,159
103,160
104,161
105,162
106,163
107,164
108,165
109,166
110,167
111,168
112,169
113,170
114,171
115,172
116,173
117,174
118,175
119,176
120,177
121,178
122,180
123,181
124,183
125,184
126,185
127,186
<end>
