</var/ftp/usrflash/Project/PMAC Script Language/Libraries/timer.pmc>,100000
0,6
1,7
2,8
3,8
4,12
5,13
6,14
7,14
8,15
<end>
</var/ftp/usrflash/Project/PMAC Script Language/Libraries/SPG_Gcode.pmc>,1000
0,11
1,12
2,13
3,13
4,19
5,20
6,21
7,21
8,27
9,28
10,29
11,29
12,35
13,36
14,37
15,37
16,43
17,44
18,46
19,47
20,48
21,49
22,50
23,51
24,52
25,53
26,54
27,55
28,56
29,57
30,59
31,60
32,60
33,66
34,67
35,67
36,73
37,74
38,74
39,80
40,81
41,81
42,87
43,88
44,88
45,94
46,95
47,96
48,96
49,102
50,103
51,104
52,104
53,110
54,111
55,112
56,112
57,118
58,119
59,120
60,120
61,121
<end>
</var/ftp/usrflash/Project/PMAC Script Language/Libraries/SPG_Mcode.pmc>,1001
0,8
1,10
2,11
3,12
4,13
5,14
6,15
7,16
8,17
9,18
10,19
11,21
12,22
13,23
14,24
15,27
16,28
17,29
18,30
19,31
20,31
21,38
22,40
23,41
24,42
25,43
26,44
27,45
28,46
29,47
30,48
31,49
32,51
33,52
34,53
35,54
36,57
37,58
38,59
39,60
40,61
41,62
42,62
43,68
44,69
45,70
46,71
47,72
48,73
49,74
50,75
51,76
52,76
53,83
54,84
55,85
56,86
57,87
58,88
59,89
60,90
61,91
62,91
63,98
64,99
65,100
66,101
67,103
68,104
69,105
70,106
71,108
72,109
73,110
74,111
75,113
76,114
77,115
78,116
79,118
80,119
81,120
82,121
83,123
84,124
85,125
86,126
87,128
88,129
89,130
90,131
91,133
92,134
93,135
94,136
95,138
96,139
97,141
98,142
99,145
100,146
101,149
102,150
103,153
104,154
105,157
106,158
107,159
108,160
109,161
110,162
111,162
112,168
113,169
114,170
115,171
116,172
117,173
118,175
119,176
120,177
121,178
122,178
123,184
124,185
125,186
126,187
127,189
128,190
129,192
130,193
131,194
132,195
133,196
134,197
135,198
136,200
137,202
138,205
139,206
140,208
141,209
142,210
143,210
144,216
145,217
146,218
147,221
148,223
149,224
150,225
151,226
152,227
153,227
154,234
155,236
156,237
157,238
158,240
159,241
160,242
161,243
162,244
163,245
164,246
165,247
166,249
167,250
168,251
169,252
170,253
171,254
172,255
173,256
174,258
175,259
176,261
177,262
178,263
179,264
180,265
181,266
182,267
183,268
184,269
185,270
186,271
187,272
188,273
189,273
190,280
191,282
192,283
193,284
194,285
195,286
196,287
197,288
198,289
199,290
200,291
201,293
202,294
203,295
204,296
205,297
206,298
207,298
208,304
209,305
210,306
211,307
212,308
213,309
214,309
215,315
216,316
217,317
218,318
219,319
220,320
221,321
222,322
223,323
224,324
225,325
226,326
227,327
228,328
229,329
230,330
231,331
232,332
233,332
234,338
235,339
236,340
237,341
238,342
239,343
240,344
241,345
242,345
243,351
244,352
245,353
246,354
247,355
248,356
249,357
250,358
251,358
252,364
253,365
254,366
255,367
256,368
257,368
258,374
259,375
260,376
261,377
262,378
263,378
264,384
265,385
266,386
267,387
268,388
269,388
270,394
271,395
272,396
273,397
274,398
275,398
276,404
277,405
278,406
279,407
280,408
281,409
282,410
283,412
284,413
285,414
286,415
287,416
288,417
289,417
290,419
<end>
</var/ftp/usrflash/Project/PMAC Script Language/Libraries/SPG_AbortVsHome.pmc>,100001
0,4
1,6
2,7
3,8
4,10
5,11
6,12
7,13
<end>
</var/ftp/usrflash/Project/PMAC Script Language/Libraries/SPG_AbortVsLoop.pmc>,100002
0,4
1,5
2,6
3,7
4,8
5,9
6,11
7,12
8,13
9,14
<end>
</var/ftp/usrflash/Project/PMAC Script Language/Libraries/SPG_AbortWsHome.pmc>,100003
0,4
1,6
2,7
3,8
4,9
5,11
6,12
7,13
8,14
<end>
</var/ftp/usrflash/Project/PMAC Script Language/Libraries/SPG_AbortWsLoop.pmc>,100004
0,4
1,5
2,6
3,7
4,8
5,9
6,11
7,12
8,13
9,14
<end>
</var/ftp/usrflash/Project/PMAC Script Language/Libraries/SPG_InitCommand.pmc>,100005
0,5
1,6
2,7
3,8
4,11
5,12
6,13
7,14
8,15
9,16
10,17
11,20
12,21
13,22
14,23
15,24
16,25
17,26
18,28
19,28
20,29
<end>
</var/ftp/usrflash/Project/PMAC Script Language/Libraries/SPG_InitECylinder.pmc>,100006
0,4
1,5
2,6
3,7
4,8
5,9
6,10
7,12
8,12
9,13
<end>
</var/ftp/usrflash/Project/PMAC Script Language/Libraries/SPG_InitMotor.pmc>,100007
0,7
1,8
2,10
3,11
4,12
5,13
6,14
7,15
8,16
9,17
10,18
11,19
12,20
13,21
14,24
15,25
16,26
17,27
18,28
19,29
20,30
21,31
22,32
23,33
24,34
25,35
26,38
27,39
28,40
29,41
30,42
31,43
32,44
33,45
34,46
35,47
36,48
37,50
38,53
39,54
40,55
41,56
42,57
43,58
44,59
45,60
46,61
47,62
48,63
49,64
50,67
51,68
52,69
53,70
54,71
55,72
56,73
57,74
58,75
59,76
60,77
61,78
62,81
63,82
64,83
65,84
66,85
67,86
68,87
69,88
70,89
71,90
72,91
73,93
74,96
75,97
76,98
77,99
78,100
79,101
80,102
81,103
82,104
83,105
84,106
85,107
86,110
87,111
88,112
89,113
<end>
</var/ftp/usrflash/Project/PMAC Script Language/Libraries/SPG_InitScanner.pmc>,100008
0,5
1,7
2,8
3,10
4,11
5,12
6,14
7,15
8,16
9,17
10,19
11,20
12,21
13,22
14,23
15,24
16,26
17,27
18,29
19,30
20,31
21,32
22,33
23,34
24,35
25,37
26,38
27,40
28,41
29,42
30,43
31,45
32,46
33,47
34,49
35,50
36,51
37,52
38,53
39,55
40,56
41,57
42,58
43,59
44,61
45,62
<end>
</var/ftp/usrflash/Project/PMAC Script Language/Libraries/SPG_InitSeqParam.pmc>,100009
0,5
1,6
2,7
3,8
4,11
5,12
6,13
7,13
8,14
<end>
</var/ftp/usrflash/Project/PMAC Script Language/Libraries/SPG_SetDefaultParam.pmc>,100010
0,4
1,5
2,6
3,7
4,8
5,9
6,10
7,12
8,13
9,14
10,15
11,16
12,17
13,18
14,20
15,21
16,22
17,23
18,25
19,26
20,27
21,28
22,29
23,31
24,32
25,33
26,34
27,35
28,37
29,38
30,39
31,41
32,42
33,43
34,44
35,45
36,46
37,47
38,48
39,50
40,51
41,52
42,54
43,55
44,56
45,58
46,59
47,60
48,62
49,63
50,64
51,66
52,67
53,68
54,70
55,71
56,72
57,74
58,75
59,76
60,78
61,79
62,80
63,82
64,83
65,84
66,86
67,87
68,88
69,90
70,91
71,92
72,94
73,95
74,96
75,98
76,99
77,100
78,102
79,103
80,104
81,106
82,107
83,108
84,110
85,111
86,112
87,114
88,115
89,116
90,118
91,119
92,120
93,122
94,123
95,124
96,126
97,127
98,128
99,130
100,131
101,132
102,134
103,135
104,136
105,138
106,139
107,140
108,142
109,143
110,144
111,146
112,147
113,148
114,148
115,149
<end>
</var/ftp/usrflash/Project/PMAC Script Language/Libraries/SPG_SetEquOut.pmc>,100011
0,4
1,5
2,6
3,7
4,8
5,10
6,10
7,11
<end>
</var/ftp/usrflash/Project/PMAC Script Language/Libraries/SPG_SetSeqBufQ.pmc>,100012
0,36
1,37
2,39
3,40
4,41
5,43
6,44
7,45
8,47
9,49
10,50
11,51
12,55
13,57
14,58
15,60
<end>
</var/ftp/usrflash/Project/PMAC Script Language/Libraries/SPG_SetVsLdParam.pmc>,100013
0,4
1,5
2,6
3,7
4,7
5,8
6,9
7,10
8,11
9,12
10,12
11,13
12,14
13,15
14,16
15,17
16,17
17,18
18,21
19,22
20,23
21,26
22,27
23,28
24,30
25,31
<end>
</var/ftp/usrflash/Project/PMAC Script Language/Libraries/SPG_SetVsRdParam.pmc>,100014
0,4
1,5
2,6
3,7
4,7
5,8
6,9
7,10
8,11
9,12
10,12
11,13
12,14
13,15
14,16
15,17
16,17
17,18
18,21
19,22
20,23
21,26
22,27
23,28
24,30
25,31
<end>
</var/ftp/usrflash/Project/PMAC Script Language/Libraries/SPG_SetVsRjParam.pmc>,100015
0,4
1,5
2,6
3,7
4,7
5,8
6,9
7,10
8,11
9,12
10,12
11,13
12,14
13,15
14,16
15,17
16,17
17,18
18,21
19,22
20,23
21,26
22,27
23,28
24,30
25,31
<end>
</var/ftp/usrflash/Project/PMAC Script Language/Libraries/SPG_SetVsUdParam.pmc>,100016
0,4
1,5
2,6
3,7
4,7
5,8
6,9
7,10
8,11
9,12
10,12
11,13
12,14
13,15
14,16
15,17
16,17
17,18
18,21
19,22
20,23
21,26
22,27
23,28
24,30
25,31
<end>
</var/ftp/usrflash/Project/PMAC Script Language/Libraries/SPG_SetVsVnParam.pmc>,100017
0,4
1,5
2,6
3,7
4,7
5,8
6,9
7,10
8,11
9,12
10,12
11,13
12,14
13,15
14,16
15,17
16,17
17,18
18,21
19,22
20,23
21,26
22,27
23,28
24,30
25,31
26,32
27,33
28,33
29,34
30,35
31,36
32,37
33,38
34,38
35,39
36,40
37,41
38,42
39,43
40,43
41,44
42,45
43,46
44,47
45,48
46,48
47,49
48,52
49,53
50,54
51,55
52,57
53,58
54,59
55,60
56,61
57,62
58,65
59,67
60,68
61,69
62,70
63,70
64,71
65,73
66,74
67,75
68,76
69,76
70,77
71,78
72,79
73,80
74,81
75,81
76,82
77,84
78,85
79,86
80,88
81,89
<end>
</var/ftp/usrflash/Project/PMAC Script Language/Libraries/SPG_SetVsWtParam.pmc>,100018
0,4
1,5
2,6
3,7
4,7
5,8
6,9
7,10
8,11
9,12
10,12
11,13
12,14
13,15
14,16
15,17
16,17
17,18
18,21
19,22
20,23
21,26
22,27
23,28
24,30
25,31
<end>
</var/ftp/usrflash/Project/PMAC Script Language/Libraries/SPG_SetWsLdParam.pmc>,100019
0,4
1,5
2,6
3,7
4,7
5,8
6,9
7,10
8,11
9,12
10,12
11,13
12,14
13,15
14,16
15,17
16,17
17,18
18,21
19,22
20,23
21,26
22,27
23,28
24,30
25,31
<end>
</var/ftp/usrflash/Project/PMAC Script Language/Libraries/SPG_SetWsRdParam.pmc>,100020
0,4
1,5
2,6
3,7
4,7
5,8
6,9
7,10
8,11
9,12
10,12
11,13
12,14
13,15
14,16
15,17
16,17
17,18
18,21
19,22
20,23
21,26
22,27
23,28
24,30
25,31
<end>
</var/ftp/usrflash/Project/PMAC Script Language/Libraries/SPG_SetWsRjParam.pmc>,100021
0,4
1,5
2,6
3,7
4,7
5,8
6,9
7,10
8,11
9,12
10,12
11,13
12,14
13,15
14,16
15,17
16,17
17,18
18,21
19,22
20,23
21,26
22,27
23,28
24,30
25,31
<end>
</var/ftp/usrflash/Project/PMAC Script Language/Libraries/SPG_SetWsUdParam.pmc>,100022
0,4
1,5
2,6
3,7
4,7
5,8
6,9
7,10
8,11
9,12
10,12
11,13
12,14
13,15
14,16
15,17
16,17
17,18
18,21
19,22
20,23
21,26
22,27
23,28
24,30
25,31
<end>
</var/ftp/usrflash/Project/PMAC Script Language/Libraries/SPG_SetWsWdParam.pmc>,100023
0,4
1,5
2,6
3,7
4,7
5,8
6,9
7,10
8,11
9,12
10,12
11,13
12,14
13,15
14,16
15,17
16,17
17,18
18,21
19,22
20,23
21,26
22,27
23,28
24,30
25,31
26,32
27,33
28,33
29,34
30,35
31,36
32,37
33,38
34,38
35,39
36,40
37,41
38,42
39,43
40,43
41,44
42,45
43,46
44,47
45,48
46,48
47,49
48,52
49,53
50,54
51,55
52,57
53,58
54,59
55,60
56,61
57,62
58,65
59,67
60,68
61,69
62,70
63,70
64,71
65,72
66,73
67,74
68,75
69,76
70,77
71,77
72,78
73,79
74,80
75,81
76,82
77,82
78,83
79,84
80,85
81,86
82,89
83,90
84,91
85,92
86,95
87,96
88,97
89,98
90,101
91,102
92,103
93,104
94,106
95,107
96,108
97,109
98,110
99,111
100,111
101,112
102,113
103,114
104,115
105,116
106,116
107,117
108,118
109,121
110,122
111,123
112,124
113,125
114,126
115,127
116,128
117,130
118,131
<end>
</var/ftp/usrflash/Project/PMAC Script Language/Libraries/SPG_SetWsWtParam.pmc>,100024
0,2
1,3
2,4
3,5
4,5
5,6
6,7
7,8
8,9
9,10
10,10
11,11
12,12
13,13
14,14
15,15
16,15
17,16
18,19
19,20
20,21
21,24
22,25
23,26
24,28
25,29
<end>
</var/ftp/usrflash/Project/PMAC Script Language/Libraries/SPG_ReadScPos.pmc>,100025
0,10
1,11
2,13
3,14
4,17
5,18
6,19
7,21
8,22
9,23
10,23
11,24
<end>
</var/ftp/usrflash/Project/PMAC Script Language/Libraries/SPG_ResetVsAlarm.pmc>,100026
0,5
1,6
2,7
3,8
4,10
5,11
6,12
7,15
8,16
9,17
10,18
11,19
12,20
13,22
14,23
15,24
16,25
17,26
18,27
19,28
20,33
21,34
22,35
23,36
24,37
25,39
26,40
27,42
28,43
29,44
<end>
</var/ftp/usrflash/Project/PMAC Script Language/Libraries/SPG_ResetWsAlarm.pmc>,100027
0,5
1,6
2,7
3,8
4,9
5,11
6,12
7,13
8,14
9,17
10,18
11,19
12,20
13,21
14,22
15,23
16,24
17,25
18,27
19,28
20,29
21,30
22,31
23,32
24,33
25,38
26,39
27,40
28,42
29,43
30,45
31,46
32,47
<end>
</var/ftp/usrflash/Project/PMAC Script Language/Libraries/SPG_ReadThPos.pmc>,100028
0,7
1,8
2,9
3,14
4,16
5,17
6,19
7,21
8,22
9,24
10,26
11,27
12,28
13,29
14,33
15,35
16,37
<end>
</var/ftp/usrflash/Project/PMAC Script Language/Libraries/SPG_ReadThPos.pmc>,100029
0,41
1,42
2,43
3,48
4,50
5,51
6,53
7,55
8,56
9,58
10,60
11,61
12,62
13,63
14,67
15,69
16,71
<end>
</var/ftp/usrflash/Project/PMAC Script Language/PLC Programs/PLC00_RTI.plc>,0
0,9
1,11
2,12
3,13
4,14
5,15
6,16
7,17
8,18
9,20
10,21
11,22
12,23
13,24
14,25
15,26
16,27
17,29
18,30
19,31
20,32
21,33
22,34
23,35
<end>
</var/ftp/usrflash/Project/PMAC Script Language/PLC Programs/PLC01_Init.plc>,1
0,9
1,10
2,11
3,12
4,13
5,16
6,17
7,18
8,19
9,20
10,23
11,24
12,25
13,26
14,29
15,30
16,31
17,32
18,35
19,36
20,39
21,40
22,41
23,44
24,45
25,46
26,47
<end>
</var/ftp/usrflash/Project/PMAC Script Language/PLC Programs/PLC02_Sta.plc>,2
0,10
1,12
2,13
3,15
4,17
5,18
6,22
7,25
8,26
9,27
10,28
11,29
12,30
13,31
14,32
15,33
16,34
17,35
18,36
19,37
20,38
21,39
22,40
23,42
24,43
25,44
26,46
27,47
28,48
29,50
30,51
31,53
32,54
33,55
34,56
35,59
36,60
37,61
38,62
39,63
40,64
41,65
42,66
43,67
44,68
45,69
46,70
47,71
48,72
49,73
50,76
51,77
52,78
53,80
54,81
55,83
56,84
57,85
58,89
59,90
60,91
61,93
62,94
63,95
64,99
65,100
66,101
67,102
68,103
69,106
70,107
71,108
72,109
73,110
74,111
75,112
76,113
77,114
78,115
79,116
80,117
81,118
82,119
83,120
84,122
85,123
86,124
87,125
88,126
89,129
90,130
91,131
92,138
93,139
94,160
95,161
96,164
97,165
98,166
99,167
100,170
101,171
102,174
103,175
104,176
105,178
106,179
107,180
108,182
109,183
110,184
111,186
112,187
113,188
114,190
115,191
116,192
117,194
118,195
119,196
120,199
121,200
122,201
123,202
124,206
125,207
126,208
127,209
128,210
129,213
130,214
131,215
132,216
133,217
134,218
135,219
136,220
137,221
138,222
139,223
140,224
141,225
142,226
143,227
144,229
145,230
146,231
147,232
148,233
149,236
150,237
151,238
152,245
153,246
154,267
155,268
156,271
157,274
158,275
159,276
160,278
161,279
162,280
163,282
164,283
165,284
166,286
167,287
168,288
169,290
170,291
171,292
172,294
173,295
174,296
175,300
176,301
177,302
178,303
179,304
180,305
181,310
182,311
183,312
184,314
185,315
186,316
187,317
188,318
189,319
190,321
191,322
192,323
193,324
194,327
195,328
196,329
197,330
198,331
199,332
200,333
201,334
202,335
203,336
204,337
205,338
206,340
<end>
</var/ftp/usrflash/Project/PMAC Script Language/PLC Programs/PLC03_Cmd.plc>,3
0,7
1,8
2,10
3,11
4,13
5,14
6,23
7,24
8,25
9,26
10,27
11,28
12,29
13,30
14,31
15,32
16,34
17,35
18,36
19,37
20,38
21,39
22,40
23,41
24,42
25,43
26,48
27,49
28,50
29,51
30,52
31,53
32,54
33,55
34,56
35,57
36,59
37,60
38,61
39,62
40,63
41,64
42,65
43,66
44,67
45,68
46,73
47,74
48,75
49,76
50,77
51,78
52,79
53,80
54,81
55,82
56,83
57,84
58,86
59,87
60,88
61,89
62,90
63,91
64,92
65,93
66,94
67,95
68,96
69,97
70,98
71,100
72,101
73,102
74,103
75,104
76,105
77,106
78,107
79,108
80,109
81,110
82,111
83,112
84,114
85,115
86,116
87,117
88,118
89,119
90,120
91,121
92,122
93,123
94,125
95,126
96,127
97,128
98,129
99,130
100,131
101,132
102,133
103,134
104,135
105,140
106,141
107,142
108,143
109,144
110,145
111,146
112,147
113,148
114,149
115,151
116,152
117,153
118,154
119,155
120,156
121,157
122,158
123,159
124,160
125,162
126,163
127,164
128,165
129,166
130,167
131,168
132,169
133,170
134,171
135,178
136,179
137,180
138,181
139,182
140,183
141,184
142,185
143,186
144,187
145,189
146,190
147,191
148,192
149,193
150,194
151,195
152,196
153,197
154,198
155,204
156,206
157,207
158,208
159,209
160,210
161,211
162,212
163,213
164,214
165,215
166,217
167,218
168,219
169,220
170,221
171,222
172,223
173,224
174,225
175,226
176,228
177,229
178,230
179,231
180,232
181,233
182,234
183,235
184,236
185,237
186,239
187,240
188,241
189,242
190,243
191,244
192,245
193,246
194,247
195,248
196,250
197,251
198,252
199,253
200,254
201,255
202,256
203,257
204,258
205,259
206,261
207,262
208,263
209,264
210,265
211,266
212,267
213,268
214,269
215,270
216,275
217,276
218,277
219,278
220,279
221,280
222,281
223,282
224,283
225,284
226,286
227,287
228,288
229,289
230,290
231,291
232,292
233,293
234,294
235,295
236,297
237,298
238,299
239,300
240,301
241,302
242,303
243,304
244,305
245,310
246,312
247,313
248,314
249,315
250,316
251,317
252,318
253,319
254,320
255,321
256,323
257,324
258,325
259,326
260,327
261,328
262,329
263,330
264,331
265,332
266,334
267,335
268,336
269,337
270,338
271,339
272,340
273,341
274,342
275,343
276,345
277,346
278,347
279,348
280,349
281,350
282,351
283,352
284,353
285,354
286,356
287,357
288,358
289,359
290,360
291,361
292,362
293,363
294,364
295,365
296,367
297,368
298,369
299,370
300,371
301,372
302,373
303,374
304,375
305,376
306,378
307,379
308,380
309,381
310,382
311,383
312,384
313,385
314,386
315,387
316,389
317,390
318,391
319,392
320,393
321,394
322,395
323,396
324,397
325,398
326,400
327,401
328,402
329,403
330,404
331,405
332,406
333,407
334,408
335,409
336,411
337,412
338,413
339,414
340,415
341,416
342,417
343,418
344,419
345,420
346,422
347,423
348,424
349,425
350,426
351,427
352,428
353,429
354,430
355,431
356,433
357,434
358,435
359,436
360,437
361,438
362,439
363,440
364,441
365,442
366,447
367,448
368,449
369,450
370,451
371,452
372,453
373,454
374,455
375,456
376,458
377,459
378,460
379,461
380,462
381,463
382,464
383,465
384,466
385,467
386,469
387,470
388,471
389,472
390,473
391,474
392,475
393,476
394,477
395,482
396,484
397,485
398,486
399,487
400,488
401,489
402,490
403,491
404,492
405,493
406,495
407,496
408,497
409,498
410,499
411,500
412,501
413,502
414,503
415,504
416,506
417,507
418,508
419,509
420,510
421,511
422,512
423,513
424,514
425,515
426,517
427,518
428,519
429,520
430,521
431,522
432,523
433,524
434,525
435,526
436,528
437,529
438,530
439,531
440,532
441,533
442,534
443,535
444,536
445,537
446,538
447,544
448,545
449,546
450,547
451,548
452,549
453,550
454,551
455,552
456,553
457,555
458,556
459,557
460,558
461,559
462,560
463,561
464,562
465,563
466,564
467,566
468,567
469,568
470,569
471,570
472,571
473,572
474,573
475,574
476,579
477,581
478,582
479,583
480,584
481,585
482,586
483,587
484,588
485,589
486,590
487,592
488,593
489,594
490,595
491,596
492,597
493,598
494,599
495,600
496,601
497,606
498,607
499,608
500,609
501,610
502,611
503,612
504,613
505,614
506,619
507,621
508,622
509,623
510,624
511,625
512,626
513,627
514,628
515,629
516,630
517,632
518,633
519,634
520,635
521,636
522,637
523,638
524,639
525,640
526,645
527,647
528,648
529,649
530,650
531,651
532,652
533,653
534,654
535,655
536,656
537,658
538,659
539,660
540,661
541,662
542,663
543,664
544,665
545,666
546,671
547,673
548,674
549,675
550,676
551,677
552,678
553,679
554,680
555,681
556,682
557,684
558,685
559,686
560,687
561,688
562,689
563,690
564,691
565,692
566,693
567,695
568,696
569,697
570,698
571,699
572,700
573,701
574,702
575,703
576,704
577,706
578,707
579,708
580,709
581,710
582,711
583,712
584,713
585,714
586,719
587,721
588,722
589,723
590,724
591,725
592,726
593,727
594,728
595,729
596,731
597,733
598,734
599,735
600,736
601,737
602,738
603,739
604,740
605,741
606,746
607,748
608,749
609,750
610,751
611,752
612,753
613,754
614,755
615,756
616,757
617,761
618,762
619,763
620,764
621,765
622,766
623,767
624,768
625,769
626,770
627,772
628,773
629,774
630,775
631,776
632,777
633,778
634,779
635,780
636,781
637,783
638,784
639,785
640,786
641,787
642,788
643,789
644,790
645,791
646,796
647,798
648,799
649,800
650,801
651,802
652,803
653,804
654,805
655,806
656,807
657,809
658,810
659,811
660,812
661,813
662,814
663,815
664,816
665,817
666,822
667,824
668,825
669,826
670,827
671,828
672,829
673,830
674,831
675,832
676,833
677,835
678,836
679,837
680,838
681,839
682,840
683,841
684,842
685,843
686,848
687,850
688,851
689,852
690,853
691,854
692,855
693,856
694,857
695,858
696,859
697,861
698,862
699,863
700,864
701,865
702,866
703,867
704,868
705,869
706,874
707,876
708,877
709,878
710,879
711,880
712,881
713,882
714,883
715,884
716,885
717,887
718,888
719,889
720,890
721,891
722,892
723,893
724,894
725,895
726,900
727,902
728,903
729,904
730,905
731,906
732,907
733,908
734,909
735,910
736,911
737,914
738,915
739,916
740,917
741,918
742,919
743,922
744,923
745,924
746,925
747,927
748,928
749,930
750,931
751,932
752,933
753,934
754,935
755,936
756,937
757,938
758,939
759,940
760,943
761,944
762,945
763,946
764,947
765,948
766,950
767,951
768,952
769,953
770,954
771,955
772,959
773,960
774,961
775,962
776,964
777,965
778,967
779,968
780,969
781,970
782,971
783,972
784,973
785,974
786,975
787,976
788,977
789,980
790,981
791,982
792,983
793,984
794,985
795,987
796,988
797,989
798,990
799,991
800,992
801,996
802,997
803,998
804,999
805,1001
806,1002
807,1004
808,1005
809,1006
810,1007
811,1009
812,1010
813,1011
814,1012
815,1013
816,1014
817,1017
818,1018
819,1019
820,1020
821,1021
822,1022
823,1027
824,1028
825,1029
<end>
</var/ftp/usrflash/Project/PMAC Script Language/PLC Programs/PLC04_Safety.plc>,4
0,14
1,15
2,16
3,17
4,18
5,19
6,20
7,21
8,22
9,23
10,25
11,26
12,27
13,28
14,29
15,30
16,32
17,33
18,34
19,35
20,36
21,37
22,38
23,39
24,40
25,42
26,43
27,57
28,58
29,59
30,65
31,66
32,69
33,70
34,71
35,75
36,76
37,77
38,80
39,81
40,82
41,83
42,84
43,85
44,86
45,87
46,89
47,90
48,91
49,92
50,93
51,94
52,96
53,97
54,98
55,99
56,101
57,102
58,103
59,104
60,105
61,106
62,107
63,108
64,109
65,110
66,111
67,112
68,113
69,114
70,115
71,116
72,117
73,118
74,121
75,122
76,123
77,124
78,125
79,126
80,127
81,128
82,129
83,130
84,137
85,138
86,139
87,140
88,147
89,148
90,149
91,150
92,151
93,152
94,154
95,155
96,156
97,157
98,158
99,159
100,163
101,164
102,165
103,166
104,167
105,168
106,169
107,170
108,171
109,172
110,173
111,174
112,175
113,176
114,177
115,178
116,179
117,180
118,181
119,182
120,183
121,184
122,185
123,186
124,187
125,188
126,189
127,190
128,191
129,192
130,193
131,194
132,195
133,196
134,197
135,198
136,199
137,200
138,201
139,204
140,205
141,206
142,207
143,208
144,209
145,210
146,211
147,212
148,213
149,214
150,215
151,216
152,217
153,218
154,219
155,220
156,221
157,222
158,223
159,224
160,225
161,226
162,227
163,228
164,229
165,230
166,231
167,232
168,237
169,238
170,239
171,240
172,241
173,242
174,244
175,245
176,246
177,247
178,248
179,250
180,251
181,252
182,253
183,254
184,255
185,257
186,258
187,259
188,261
189,262
190,263
191,264
192,266
193,267
194,268
195,269
196,270
197,271
198,272
199,273
200,274
201,275
202,276
203,277
204,278
205,279
206,280
207,281
208,282
209,283
210,284
211,285
212,286
213,287
214,288
215,291
216,292
217,294
218,295
219,296
220,297
221,298
222,299
223,300
224,301
225,302
226,303
227,304
228,305
229,306
230,307
231,308
232,309
233,310
234,311
235,312
236,314
237,315
238,316
239,318
240,319
241,320
242,321
243,322
244,323
245,324
246,325
247,326
248,327
249,328
250,330
251,331
252,332
253,333
254,335
255,336
256,337
257,338
258,339
259,340
260,341
261,342
262,343
263,344
264,345
265,350
266,351
267,352
268,353
269,356
270,357
271,358
272,359
273,364
274,365
275,366
276,367
277,368
278,369
279,370
280,371
281,372
282,373
283,374
284,375
285,376
286,377
287,378
288,379
289,380
290,381
291,382
292,383
293,389
<end>
</var/ftp/usrflash/Project/PMAC Script Language/PLC Programs/PLC05_Ecat.plc>,5
0,8
1,9
2,11
3,12
4,14
5,15
6,17
7,18
8,20
9,21
10,23
11,24
12,26
13,27
14,29
15,30
16,32
17,33
18,36
19,37
20,38
21,39
22,40
23,41
24,42
25,43
26,44
27,45
28,46
29,47
30,49
31,50
32,51
33,52
34,53
35,54
36,55
37,57
38,58
39,59
40,60
41,62
42,63
43,64
44,65
45,66
46,67
47,68
48,69
49,70
50,71
51,72
52,73
53,74
54,75
55,78
56,79
57,80
58,81
59,82
60,83
61,84
62,87
63,88
64,89
65,90
66,91
67,92
68,93
69,95
70,96
71,97
72,98
73,99
74,100
75,101
76,104
77,105
78,106
79,107
80,108
81,109
82,110
83,112
84,113
85,114
86,115
87,116
88,117
89,118
90,121
91,122
92,123
93,124
94,125
95,126
96,127
<end>
</var/ftp/usrflash/Project/PMAC Script Language/PLC Programs/PLC06_IoCom.plc>,6
0,7
1,8
2,9
3,10
4,11
5,12
6,13
7,14
8,15
9,16
10,17
11,18
12,19
13,20
14,21
15,22
16,23
17,24
18,26
19,27
20,28
21,29
22,30
23,31
24,32
25,33
26,34
27,35
28,36
29,37
30,38
31,39
32,40
33,41
34,43
35,44
36,45
37,46
38,47
39,48
40,49
41,50
42,51
43,52
44,53
45,54
46,55
47,56
48,57
49,58
50,59
51,63
52,65
53,66
54,67
55,68
56,69
57,70
58,71
59,72
60,73
61,74
62,75
63,76
64,77
65,78
66,79
67,98
68,99
69,100
70,101
71,102
72,103
73,104
74,105
75,106
76,107
77,108
78,109
79,110
80,111
81,112
82,113
83,115
84,116
85,117
86,118
87,119
88,120
89,121
90,122
91,123
92,124
93,125
94,126
95,127
96,128
97,129
98,130
99,131
100,132
<end>
</var/ftp/usrflash/Project/PMAC Script Language/PLC Programs/PLC10_Home.plc>,10
0,7
1,9
2,10
3,12
4,17
5,18
6,19
7,20
8,21
9,22
10,23
11,24
12,25
13,26
14,28
15,29
16,30
17,31
18,32
19,33
20,34
21,35
22,37
23,38
24,39
25,40
26,41
27,42
28,43
29,44
30,46
31,47
32,48
33,49
34,50
35,51
36,52
37,54
38,55
39,56
40,57
41,58
42,59
43,60
44,61
45,62
46,63
47,64
48,65
49,66
50,67
51,72
52,73
53,74
54,75
55,76
56,77
57,78
58,80
59,81
60,82
61,83
62,84
63,85
64,87
65,88
66,89
67,90
68,91
69,92
70,94
71,95
72,96
73,97
74,98
75,99
76,100
77,102
78,103
79,104
80,105
81,106
82,107
83,108
84,109
85,110
86,111
87,112
88,117
89,118
90,119
91,120
92,122
93,123
94,124
95,125
96,126
97,127
98,128
99,131
100,132
101,133
102,134
103,135
104,136
105,137
106,140
107,141
108,142
109,143
110,144
111,145
112,146
113,147
114,148
115,149
116,150
117,151
118,152
119,153
120,154
121,157
122,158
123,159
124,160
125,161
126,162
127,163
128,164
129,165
130,166
131,167
132,168
133,169
134,172
135,173
136,174
137,175
138,176
139,179
140,180
141,181
142,182
143,183
144,184
145,185
146,188
147,189
148,190
149,191
150,192
151,193
152,194
153,196
154,197
155,198
156,199
157,202
158,203
159,204
160,205
161,206
162,209
163,210
164,211
165,212
166,213
167,214
168,215
169,217
170,218
171,219
172,220
173,225
174,226
175,227
176,228
177,229
178,230
179,231
180,232
181,233
182,234
183,235
184,236
185,237
186,238
187,239
188,240
189,241
190,244
191,245
192,246
193,247
194,248
195,249
196,250
197,251
198,252
199,253
200,255
201,256
202,257
203,258
204,259
205,264
206,265
207,266
208,267
209,268
210,269
211,272
212,273
213,274
214,275
215,276
216,277
217,278
218,310
219,313
220,314
221,316
222,317
223,320
224,321
225,322
226,323
227,324
228,325
229,326
230,327
231,328
232,331
233,332
234,333
235,334
236,335
237,336
238,337
239,340
240,341
241,342
242,343
243,344
244,345
245,346
246,347
247,348
248,349
249,350
250,351
251,352
252,353
253,359
254,361
255,362
256,363
257,364
258,365
259,368
260,369
261,370
262,371
263,372
264,376
265,378
266,379
267,380
268,381
269,382
270,383
271,384
272,385
273,386
274,387
275,388
276,391
277,392
278,393
279,394
280,399
281,400
282,401
283,402
284,403
285,404
286,405
287,406
288,407
289,408
290,409
291,410
292,411
293,414
294,415
295,416
296,417
297,418
298,419
299,420
300,421
301,422
302,423
303,424
304,425
305,426
306,427
307,428
308,429
309,430
310,433
311,434
312,435
313,436
314,437
315,438
316,439
317,440
318,441
319,442
320,443
321,444
322,445
323,446
324,447
325,448
326,449
327,452
328,453
329,454
330,455
331,456
332,457
333,458
334,459
335,460
336,461
337,462
338,463
339,464
340,465
341,470
342,471
343,472
344,473
345,474
346,475
347,476
348,478
349,479
350,480
351,481
352,482
353,483
354,486
355,487
356,488
357,489
358,490
359,491
360,492
361,493
362,494
363,495
364,496
365,497
366,498
367,499
368,500
369,501
370,507
371,509
372,510
373,512
374,513
375,514
376,524
377,525
378,526
379,527
380,528
381,530
382,531
383,532
384,533
385,534
386,535
387,536
388,537
389,538
390,539
391,540
392,541
393,543
394,544
395,545
396,546
397,547
398,548
399,549
400,550
401,551
402,552
403,553
404,554
405,555
406,556
407,557
408,558
409,559
410,560
411,561
412,562
413,563
414,564
415,567
416,568
417,569
418,572
419,573
420,574
421,577
422,578
423,580
424,581
425,582
426,583
427,585
428,586
429,587
430,588
431,589
432,590
433,591
434,592
435,593
436,594
437,595
438,596
439,597
440,598
441,599
442,605
443,606
444,607
445,608
446,609
447,612
448,613
449,614
450,615
451,616
452,617
453,618
454,620
455,621
456,622
457,623
458,628
459,629
460,630
461,631
462,632
463,633
464,634
465,635
466,636
467,637
468,638
469,639
470,640
471,641
472,642
473,643
474,644
475,647
476,648
477,649
478,650
479,651
480,652
481,653
482,654
483,655
484,656
485,657
486,658
487,659
488,660
489,729
490,731
491,732
492,733
493,734
494,735
495,738
496,739
497,740
498,741
499,742
500,746
501,748
502,749
503,750
504,751
505,752
506,753
507,754
508,755
509,756
510,757
511,758
512,761
513,762
514,763
515,764
516,768
517,769
518,770
519,771
520,772
521,773
522,774
523,775
524,776
525,777
526,778
527,779
528,780
529,782
530,784
531,785
532,786
533,787
534,788
535,789
536,790
537,791
538,792
539,793
540,794
541,795
542,796
543,797
544,798
545,799
546,800
547,803
548,804
549,805
550,806
551,807
552,808
553,809
554,810
555,811
556,812
557,813
558,814
559,815
560,816
561,822
562,823
563,824
564,827
565,828
566,829
567,832
568,833
569,835
570,836
571,837
572,838
573,840
574,841
575,842
576,843
577,844
578,845
579,846
580,847
581,848
582,849
583,850
584,851
585,852
586,853
587,854
588,926
589,927
590,928
591,929
592,931
593,932
594,933
595,936
596,937
597,938
598,939
599,940
600,941
601,942
602,944
603,945
604,946
605,947
606,952
607,953
608,954
609,955
610,956
611,957
612,960
613,961
614,962
615,963
616,964
617,965
618,966
619,967
620,968
621,969
622,970
623,971
624,972
625,973
626,978
627,979
628,980
629,981
630,982
631,983
632,984
633,985
634,986
635,987
636,990
637,991
638,992
639,993
640,994
641,995
642,996
643,999
644,1000
645,1001
646,1002
647,1003
648,1004
649,1005
650,1006
651,1007
652,1008
653,1009
654,1010
655,1011
656,1012
657,1017
658,1018
659,1019
660,1020
661,1021
662,1024
663,1025
664,1026
665,1027
666,1028
667,1029
668,1030
669,1032
670,1033
671,1034
672,1035
673,1036
674,1037
675,1038
676,1039
677,1040
678,1041
679,1042
680,1043
681,1044
682,1047
683,1048
684,1049
685,1050
686,1051
687,1052
688,1054
689,1055
690,1056
691,1057
692,1058
693,1059
694,1060
695,1061
696,1062
697,1063
698,1064
699,1065
700,1066
701,1069
702,1070
703,1071
704,1072
705,1074
706,1075
707,1076
708,1077
709,1078
710,1079
711,1080
712,1081
713,1082
714,1083
715,1084
716,1085
717,1086
718,1087
719,1091
720,1092
721,1093
722,1094
723,1095
724,1096
725,1099
726,1100
727,1101
728,1102
729,1103
730,1104
731,1105
732,1108
733,1109
734,1110
735,1111
736,1112
737,1114
738,1115
739,1116
740,1117
741,1118
742,1119
743,1120
744,1121
745,1122
746,1123
747,1127
748,1128
749,1129
750,1130
751,1131
752,1132
753,1133
754,1136
755,1137
756,1138
757,1139
758,1140
759,1141
760,1142
761,1144
762,1145
763,1146
764,1147
765,1148
766,1149
767,1150
768,1151
769,1152
770,1153
771,1156
772,1157
773,1158
774,1159
775,1160
776,1161
777,1162
778,1163
779,1164
<end>
</var/ftp/usrflash/Project/PMAC Script Language/PLC Programs/PLC11_Jog.plc>,11
0,7
1,9
2,10
3,11
4,16
5,17
6,18
7,19
8,20
9,21
10,22
11,23
12,24
13,25
14,26
15,27
16,28
17,29
18,30
19,31
20,32
21,34
22,35
23,36
24,37
25,38
26,39
27,40
28,41
29,42
30,43
31,44
32,45
33,46
34,47
35,48
36,49
37,51
38,52
39,53
40,54
41,55
42,56
43,57
44,58
45,59
46,60
47,61
48,62
49,63
50,64
51,65
52,67
53,68
54,69
55,70
56,71
57,72
58,73
59,74
60,75
61,76
62,77
63,78
64,79
65,80
66,81
67,82
68,84
69,85
70,86
71,88
72,89
73,90
74,91
75,92
76,93
77,95
78,96
79,97
80,98
81,99
82,100
83,102
84,103
85,104
86,106
87,107
88,108
89,109
90,110
91,111
92,112
93,113
94,114
95,115
96,116
97,117
98,119
99,120
100,121
101,122
102,123
103,124
104,125
105,126
106,127
107,129
108,130
109,131
110,132
111,133
112,134
113,135
114,136
115,137
116,139
117,140
118,141
119,142
120,143
121,144
122,146
123,147
124,148
125,149
126,150
127,151
128,152
129,153
130,154
131,155
132,157
133,158
134,159
135,160
<end>
</var/ftp/usrflash/Project/PMAC Script Language/PLC Programs/PLC12_SeqMc.plc>,12
0,12
1,13
2,14
3,15
4,16
5,17
6,18
7,19
8,20
9,21
10,22
11,23
12,24
13,25
14,26
15,28
16,29
17,30
18,31
19,32
20,33
21,34
22,35
23,36
24,37
25,38
26,39
27,40
28,41
29,42
30,46
31,47
32,48
33,49
34,50
35,51
36,53
37,54
38,55
39,56
40,57
41,59
42,134
43,135
44,136
45,140
46,141
47,142
48,143
49,144
50,145
51,146
52,147
53,148
54,149
55,150
56,151
57,152
58,153
59,154
60,155
61,157
62,158
63,159
64,160
65,161
66,162
67,163
68,164
69,165
70,167
71,168
72,169
73,170
74,171
75,172
76,173
77,174
78,175
79,177
80,178
81,179
82,181
83,182
84,183
85,184
86,185
87,186
88,187
89,188
90,189
91,190
92,191
93,192
94,193
95,194
96,195
97,196
98,197
99,214
100,215
101,216
102,217
103,218
104,220
105,221
106,222
107,223
108,224
109,226
110,227
111,228
112,230
113,231
114,232
115,233
116,234
117,235
118,236
119,237
120,238
121,239
122,240
123,241
124,242
125,243
126,244
127,245
128,246
129,263
130,264
131,265
132,266
133,267
134,269
135,270
136,271
137,272
138,273
139,278
140,279
141,280
142,281
143,282
144,283
145,285
146,286
147,287
148,288
149,289
150,290
151,292
152,293
153,294
154,295
155,296
156,298
157,299
158,300
159,301
160,302
161,304
162,305
163,306
164,308
165,309
166,310
167,311
168,312
169,313
170,315
171,316
172,317
173,318
174,319
175,321
176,322
177,323
178,324
179,325
180,327
181,328
182,329
183,331
184,332
185,333
186,334
187,335
188,336
189,340
190,341
191,342
192,343
193,345
194,346
195,347
196,348
197,349
198,350
199,351
200,352
201,353
202,354
203,355
204,356
205,357
206,360
207,361
208,362
209,363
210,364
211,365
212,366
213,367
214,368
215,369
216,372
217,373
218,374
219,375
220,376
221,378
222,381
223,382
224,383
225,384
226,385
227,386
228,387
229,390
230,391
231,392
232,393
233,394
234,395
235,396
236,397
237,398
238,399
239,400
240,401
241,402
242,405
243,406
244,407
245,408
246,409
247,410
248,413
249,414
250,415
251,416
252,417
253,418
254,419
255,422
256,423
257,424
258,425
259,426
260,427
261,428
262,429
263,430
264,431
265,432
266,433
267,434
268,437
269,438
270,439
271,440
272,443
273,444
274,445
275,446
276,447
277,448
278,449
279,450
280,451
281,452
282,453
283,454
284,455
285,456
286,457
287,458
288,461
289,462
290,463
291,464
292,465
293,466
294,467
295,468
296,469
297,472
298,473
299,474
300,475
301,476
302,478
303,479
304,484
305,485
306,486
307,487
308,492
309,495
310,496
311,498
312,499
313,500
314,502
315,503
316,508
317,509
318,512
319,513
320,514
321,515
322,516
323,517
324,518
325,519
326,520
327,521
328,522
329,523
330,524
331,525
332,526
333,529
334,530
335,531
336,532
337,535
338,536
339,537
340,538
341,539
342,540
343,541
344,544
345,545
346,546
347,547
348,552
349,555
350,556
351,558
352,559
353,560
354,561
355,566
356,567
357,570
358,571
359,572
360,573
361,574
362,575
363,576
364,577
365,578
366,579
367,580
368,581
369,582
370,583
371,584
372,587
373,588
374,589
375,590
376,593
377,594
378,595
379,596
380,597
381,598
382,599
383,602
384,603
385,604
386,605
387,606
388,607
389,608
390,609
391,610
392,611
393,612
394,613
395,614
396,619
397,622
398,623
399,625
400,626
401,627
402,628
403,633
404,634
405,637
406,638
407,639
408,640
409,641
410,642
411,643
412,644
413,645
414,646
415,647
416,648
417,649
418,650
419,651
420,654
421,655
422,656
423,657
424,660
425,661
426,662
427,663
428,664
429,665
430,666
431,669
432,670
433,671
434,672
435,673
436,674
437,675
438,676
439,677
440,678
441,679
442,684
443,687
444,688
445,690
446,691
447,692
448,693
449,698
450,699
451,702
452,703
453,704
454,705
455,706
456,707
457,708
458,709
459,710
460,711
461,712
462,713
463,714
464,715
465,716
466,719
467,720
468,721
469,722
470,725
471,726
472,727
473,728
474,729
475,730
476,731
477,734
478,736
479,737
480,738
481,739
482,740
483,741
484,742
485,743
486,748
487,751
488,752
489,754
490,755
491,756
492,757
493,762
494,763
495,766
496,767
497,768
498,769
499,770
500,772
501,773
502,774
503,776
504,777
505,778
506,779
507,780
508,781
509,782
510,783
511,786
512,787
513,788
514,789
515,792
516,793
517,794
518,795
519,796
520,797
521,798
522,801
523,802
524,803
525,804
526,809
527,812
528,813
529,815
530,816
531,817
532,818
533,823
534,824
535,827
536,828
537,829
538,830
539,831
540,833
541,834
542,835
543,836
544,837
545,838
546,839
547,840
548,841
549,842
550,843
551,846
552,847
553,848
554,849
555,852
556,853
557,854
558,855
559,856
560,857
561,858
562,861
563,862
564,863
565,864
566,869
567,872
568,873
569,875
570,876
571,877
572,878
573,883
574,884
575,887
576,888
577,889
578,890
579,891
580,892
581,893
582,894
583,895
584,896
585,897
586,898
587,899
588,900
589,901
590,904
591,905
592,906
593,907
594,910
595,911
596,912
597,913
598,914
599,915
600,916
601,919
602,920
603,921
604,926
605,928
606,929
607,930
608,931
609,932
610,933
611,934
612,935
613,936
614,937
615,938
616,939
617,942
618,943
619,944
620,945
621,946
622,947
623,948
624,953
625,954
626,955
627,956
628,961
629,964
630,965
631,967
632,968
633,969
634,970
635,975
636,976
637,979
638,980
639,981
640,982
641,983
642,984
643,985
644,986
645,987
646,988
647,989
648,990
649,991
650,992
651,993
652,996
653,997
654,998
655,999
656,1002
657,1003
658,1004
659,1005
660,1006
661,1007
662,1008
663,1011
664,1012
665,1013
666,1014
667,1015
668,1016
669,1017
670,1018
671,1019
672,1020
673,1021
674,1022
675,1023
676,1024
677,1025
678,1026
679,1031
680,1034
681,1035
682,1037
683,1038
684,1039
685,1040
686,1041
687,1046
688,1047
689,1050
690,1051
691,1052
692,1053
693,1054
694,1055
695,1056
696,1057
697,1058
698,1059
699,1060
700,1061
701,1062
702,1063
703,1064
704,1067
705,1068
706,1069
707,1070
708,1073
709,1074
710,1075
711,1076
712,1077
713,1078
714,1079
715,1082
716,1083
717,1084
718,1085
719,1086
720,1091
721,1094
722,1095
723,1097
724,1098
725,1099
726,1100
727,1105
728,1106
729,1109
730,1110
731,1111
732,1112
733,1113
734,1114
735,1115
736,1116
737,1117
738,1118
739,1119
740,1120
741,1121
742,1122
743,1123
744,1126
745,1127
746,1128
747,1129
748,1132
749,1133
750,1134
751,1135
752,1136
753,1137
754,1138
755,1141
756,1144
757,1145
758,1146
759,1147
760,1148
761,1149
762,1150
763,1151
764,1152
765,1153
766,1154
767,1155
768,1156
769,1157
770,1158
771,1163
772,1166
773,1167
774,1169
775,1170
776,1171
777,1172
778,1177
779,1178
780,1181
781,1182
782,1183
783,1184
784,1185
785,1186
786,1187
787,1188
788,1189
789,1190
790,1191
791,1192
792,1193
793,1194
794,1195
795,1198
796,1199
797,1200
798,1201
799,1204
800,1205
801,1206
802,1207
803,1208
804,1209
805,1210
806,1213
807,1214
808,1215
809,1220
810,1223
811,1224
812,1226
813,1227
814,1228
815,1229
816,1234
817,1235
818,1238
819,1239
820,1240
821,1241
822,1242
823,1243
824,1244
825,1245
826,1246
827,1247
828,1248
829,1249
830,1250
831,1251
832,1252
833,1290
834,1291
835,1292
836,1293
837,1296
838,1297
839,1298
840,1299
841,1300
842,1301
843,1302
844,1325
845,1328
846,1329
847,1331
848,1332
849,1333
850,1334
851,1339
852,1340
853,1343
854,1344
855,1345
856,1346
857,1347
858,1349
859,1350
860,1351
861,1352
862,1353
863,1354
864,1355
865,1356
866,1357
867,1358
868,1359
869,1362
870,1363
871,1364
872,1365
873,1368
874,1369
875,1370
876,1371
877,1372
878,1373
879,1374
880,1377
881,1378
882,1379
883,1384
884,1387
885,1388
886,1390
887,1391
888,1392
889,1393
890,1398
891,1399
892,1402
893,1403
894,1404
895,1405
896,1406
897,1408
898,1409
899,1410
900,1411
901,1412
902,1413
903,1414
904,1415
905,1416
906,1417
907,1418
908,1421
909,1422
910,1423
911,1424
912,1427
913,1428
914,1429
915,1430
916,1431
917,1432
918,1433
919,1436
920,1437
921,1438
922,1443
923,1444
924,1445
925,1446
926,1447
927,1448
928,1449
929,1450
930,1451
931,1452
932,1453
933,1454
934,1455
935,1456
936,1459
937,1460
938,1461
939,1462
940,1463
941,1464
942,1465
943,1466
<end>
</var/ftp/usrflash/Project/PMAC Script Language/PLC Programs/PLC13_SeqWs.plc>,13
0,7
1,8
2,9
3,10
4,15
5,16
6,17
7,18
8,19
9,20
10,23
11,24
12,25
13,27
14,28
15,29
16,30
17,31
18,32
19,34
20,35
21,36
22,37
23,42
24,43
25,44
26,45
27,46
28,47
29,48
30,49
31,50
32,51
33,52
34,53
35,54
36,55
37,56
38,59
39,60
40,61
41,62
42,63
43,64
44,65
45,66
46,67
47,68
48,69
49,70
50,71
51,74
52,75
53,76
54,77
55,78
56,79
57,80
58,81
59,82
60,83
61,84
62,85
63,86
64,87
65,90
66,93
67,94
68,95
69,96
70,97
71,98
72,99
73,100
74,101
75,102
76,103
77,104
78,107
79,108
80,109
81,110
82,111
83,112
84,113
85,114
86,115
87,116
88,117
89,118
90,119
91,122
92,123
93,124
94,125
95,126
96,127
97,128
98,131
99,132
100,133
101,134
102,135
103,136
104,137
105,138
106,139
107,140
108,141
109,142
110,143
111,146
112,153
113,154
114,156
115,157
116,158
117,159
118,160
119,161
120,162
121,163
122,164
123,165
124,170
125,171
126,172
127,173
128,174
129,175
130,176
131,178
132,179
133,185
134,187
135,188
136,190
137,191
138,192
139,195
140,196
141,197
142,198
143,200
144,201
145,202
146,203
147,204
148,205
149,206
150,207
151,208
152,209
153,210
154,211
155,212
156,213
157,214
158,217
159,218
160,219
161,220
162,221
163,222
164,223
165,226
166,227
167,228
168,229
169,230
170,231
171,232
172,233
173,236
174,237
175,238
176,239
177,240
178,241
179,242
180,243
181,244
182,245
183,246
184,247
185,248
186,249
187,279
188,281
189,282
190,283
191,285
192,286
193,287
194,289
195,290
196,291
197,292
198,293
199,294
200,295
201,347
202,348
203,349
204,350
205,351
206,353
207,354
208,355
209,356
210,357
211,358
212,359
213,360
214,361
215,362
216,363
217,364
218,365
219,366
220,367
221,370
222,371
223,372
224,373
225,374
226,375
227,376
228,377
229,378
230,379
231,380
232,381
233,382
234,383
235,384
236,385
237,386
238,387
239,388
240,389
241,390
242,391
243,392
244,393
245,394
246,395
247,396
248,397
249,398
250,399
251,400
252,401
253,402
254,403
255,404
256,405
257,406
258,407
259,408
260,409
261,410
262,413
263,414
264,415
265,416
266,418
267,419
268,420
269,422
270,423
271,424
272,427
273,428
274,429
275,430
276,431
277,432
278,433
279,436
280,437
281,438
282,439
283,440
284,441
285,442
286,443
287,444
288,445
289,446
290,447
291,448
292,449
293,450
294,453
295,454
296,455
297,456
298,457
299,458
300,459
301,460
302,461
303,462
304,463
305,464
306,465
307,466
308,467
309,468
310,469
311,470
312,471
313,474
314,475
315,476
316,478
317,479
318,480
319,481
320,483
321,484
322,485
323,486
324,487
325,488
326,489
327,490
328,491
329,492
330,497
331,499
332,500
333,501
334,503
335,504
336,505
337,507
338,508
339,509
340,510
341,511
342,512
343,513
344,515
345,518
346,520
347,521
348,522
349,523
350,524
351,525
352,526
353,527
354,532
355,534
356,535
357,536
358,556
359,557
360,558
361,559
362,560
363,562
364,563
365,564
366,567
367,568
368,569
369,570
370,571
371,572
372,573
373,578
374,579
375,580
376,581
377,582
378,584
379,587
380,588
381,589
382,591
383,592
384,593
385,594
386,595
387,596
388,598
389,599
390,600
391,601
392,606
393,607
394,609
395,610
396,611
397,612
398,613
399,614
400,615
401,616
402,617
403,618
404,619
405,620
406,621
407,624
408,625
409,626
410,627
411,628
412,629
413,630
414,631
415,632
416,633
417,634
418,635
419,636
420,639
421,640
422,641
423,642
424,643
425,644
426,645
427,646
428,647
429,648
430,649
431,650
432,651
433,652
434,655
435,657
436,658
437,659
438,660
439,661
440,662
441,663
442,664
443,665
444,666
445,667
446,668
447,671
448,672
449,673
450,674
451,675
452,676
453,677
454,678
455,679
456,680
457,681
458,682
459,683
460,686
461,687
462,688
463,689
464,690
465,691
466,692
467,695
468,696
469,697
470,698
471,699
472,700
473,701
474,702
475,703
476,704
477,705
478,706
479,707
480,710
481,717
482,718
483,719
484,720
485,721
486,722
487,723
488,724
489,725
490,726
491,727
492,728
493,729
494,734
495,736
496,737
497,738
498,740
499,741
500,742
501,744
502,745
503,746
504,747
505,748
506,749
507,750
508,752
509,755
510,757
511,758
512,759
513,760
514,761
515,762
516,763
517,764
518,801
519,802
520,803
521,804
522,805
523,806
524,807
525,809
526,810
527,816
528,818
529,819
530,821
531,822
532,823
533,826
534,827
535,828
536,829
537,831
538,832
539,833
540,834
541,835
542,836
543,837
544,838
545,839
546,840
547,841
548,844
549,845
550,846
551,847
552,848
553,849
554,850
555,853
556,855
557,856
558,857
559,858
560,859
561,860
562,861
563,864
564,865
565,866
566,867
567,868
568,869
569,870
570,871
571,872
572,873
573,874
574,875
575,876
576,877
577,930
578,931
579,932
580,933
581,934
582,935
583,936
584,937
585,938
586,939
587,940
588,941
589,942
590,943
591,951
592,954
593,955
594,956
595,957
596,958
597,959
598,960
599,963
600,964
601,965
602,966
603,967
604,968
605,969
606,970
607,971
608,972
609,973
610,974
611,975
612,976
613,977
614,978
615,979
616,980
617,981
618,982
619,983
620,984
621,985
622,986
623,987
624,988
625,990
626,991
627,992
628,993
629,994
630,995
631,996
632,997
633,998
634,999
635,1000
636,1001
637,1002
638,1003
639,1004
640,1005
641,1006
642,1007
643,1008
644,1009
645,1010
646,1011
647,1012
648,1013
649,1019
650,1021
651,1023
652,1024
653,1060
654,1061
655,1062
656,1063
657,1064
658,1065
659,1068
660,1069
661,1070
662,1071
663,1072
664,1073
665,1074
666,1079
667,1080
668,1081
669,1082
670,1083
671,1086
672,1087
673,1088
674,1089
675,1090
676,1092
677,1093
678,1094
679,1095
680,1096
681,1098
682,1099
683,1100
684,1101
685,1102
686,1103
687,1105
688,1106
689,1107
690,1108
691,1113
692,1114
693,1116
694,1117
695,1118
696,1119
697,1120
698,1121
699,1122
700,1123
701,1124
702,1125
703,1126
704,1127
705,1128
706,1129
707,1132
708,1133
709,1134
710,1135
711,1136
712,1137
713,1138
714,1139
715,1140
716,1141
717,1142
718,1143
719,1144
720,1145
721,1148
722,1149
723,1150
724,1151
725,1152
726,1153
727,1154
728,1155
729,1156
730,1157
731,1158
732,1159
733,1160
734,1161
735,1162
736,1165
737,1167
738,1168
739,1169
740,1170
741,1171
742,1172
743,1173
744,1174
745,1175
746,1176
747,1177
748,1178
749,1181
750,1182
751,1183
752,1184
753,1185
754,1186
755,1187
756,1188
757,1189
758,1190
759,1191
760,1192
761,1193
762,1196
763,1197
764,1198
765,1199
766,1200
767,1201
768,1202
769,1205
770,1206
771,1207
772,1208
773,1209
774,1210
775,1211
776,1212
777,1213
778,1214
779,1215
780,1216
781,1217
782,1220
783,1227
784,1228
785,1229
786,1230
787,1231
788,1232
789,1233
790,1234
791,1235
792,1236
793,1237
794,1238
795,1239
796,1244
797,1246
798,1247
799,1248
800,1250
801,1251
802,1252
803,1254
804,1255
805,1256
806,1257
807,1258
808,1259
809,1260
810,1262
811,1265
812,1267
813,1268
814,1269
815,1270
816,1271
817,1272
818,1273
819,1274
820,1279
821,1281
822,1282
823,1283
824,1286
825,1287
826,1288
827,1289
828,1290
829,1291
830,1292
831,1293
832,1294
833,1295
834,1296
835,1297
836,1298
837,1303
838,1304
839,1305
840,1306
841,1307
842,1308
843,1309
844,1311
845,1312
846,1318
847,1320
848,1321
849,1323
850,1324
851,1325
852,1328
853,1329
854,1330
855,1331
856,1333
857,1334
858,1335
859,1336
860,1337
861,1338
862,1339
863,1340
864,1341
865,1342
866,1343
867,1344
868,1347
869,1348
870,1349
871,1350
872,1351
873,1352
874,1353
875,1374
876,1375
877,1376
878,1377
879,1378
880,1379
881,1380
882,1381
883,1382
884,1383
885,1384
886,1385
887,1386
888,1387
889,1388
890,1389
891,1390
892,1391
893,1392
894,1395
895,1396
896,1397
897,1398
898,1399
899,1400
900,1401
901,1404
902,1405
903,1406
904,1407
905,1408
906,1409
907,1410
908,1411
909,1412
910,1413
911,1414
912,1415
913,1416
914,1417
915,1418
916,1419
917,1420
918,1421
919,1422
920,1423
921,1424
922,1425
923,1426
924,1427
925,1430
926,1432
927,1433
928,1434
929,1435
930,1436
931,1437
932,1438
933,1441
934,1442
935,1443
936,1444
937,1445
938,1446
939,1447
940,1448
941,1449
942,1450
943,1451
944,1452
945,1453
946,1454
947,1459
948,1460
949,1461
950,1463
951,1464
952,1465
953,1466
954,1467
955,1468
956,1469
957,1470
958,1471
959,1472
960,1473
961,1476
962,1477
963,1478
964,1479
965,1480
966,1481
967,1482
968,1485
969,1486
970,1488
971,1489
972,1490
973,1491
974,1492
975,1493
976,1494
977,1495
978,1496
979,1497
980,1498
981,1499
982,1500
983,1501
984,1502
985,1503
986,1504
987,1505
988,1506
989,1507
990,1508
991,1509
992,1510
993,1511
994,1512
995,1513
996,1514
997,1515
998,1516
999,1517
1000,1518
1001,1519
1002,1520
1003,1521
1004,1522
1005,1523
1006,1524
1007,1530
1008,1531
1009,1532
1010,1533
1011,1534
1012,1537
1013,1538
1014,1539
1015,1540
1016,1541
1017,1542
1018,1545
1019,1546
1020,1547
1021,1548
1022,1549
1023,1550
1024,1553
1025,1554
1026,1555
1027,1556
1028,1557
1029,1558
1030,1559
1031,1562
1032,1563
1033,1564
1034,1565
1035,1566
1036,1567
1037,1568
1038,1569
1039,1570
1040,1571
1041,1572
1042,1573
1043,1574
1044,1579
1045,1580
1046,1581
1047,1582
1048,1583
1049,1584
1050,1585
1051,1586
1052,1587
1053,1588
1054,1589
1055,1590
1056,1591
1057,1594
1058,1595
1059,1596
1060,1597
1061,1598
1062,1599
1063,1600
1064,1603
1065,1604
1066,1605
1067,1606
1068,1607
1069,1608
1070,1609
1071,1610
1072,1611
1073,1612
1074,1613
1075,1614
1076,1615
1077,1616
1078,1619
1079,1620
1080,1621
1081,1622
1082,1623
1083,1624
1084,1625
1085,1626
1086,1627
1087,1628
1088,1629
1089,1632
1090,1633
1091,1634
1092,1635
1093,1636
1094,1637
1095,1638
1096,1641
1097,1642
1098,1643
1099,1644
1100,1645
1101,1646
1102,1647
1103,1648
1104,1649
1105,1650
1106,1651
1107,1652
1108,1653
1109,1658
1110,1659
1111,1660
1112,1661
1113,1662
1114,1664
1115,1665
1116,1668
1117,1669
1118,1670
1119,1671
1120,1672
1121,1673
1122,1674
1123,1675
1124,1676
1125,1678
1126,1683
1127,1684
1128,1685
1129,1686
1130,1687
1131,1690
1132,1691
1133,1692
1134,1694
1135,1695
1136,1696
1137,1697
1138,1698
1139,1699
1140,1701
1141,1702
1142,1703
1143,1704
1144,1709
1145,1710
1146,1712
1147,1713
1148,1714
1149,1715
1150,1716
1151,1717
1152,1718
1153,1719
1154,1720
1155,1721
1156,1722
1157,1723
1158,1724
1159,1727
1160,1728
1161,1729
1162,1730
1163,1731
1164,1732
1165,1733
1166,1734
1167,1735
1168,1736
1169,1737
1170,1738
1171,1739
1172,1742
1173,1743
1174,1744
1175,1745
1176,1746
1177,1747
1178,1748
1179,1749
1180,1750
1181,1751
1182,1752
1183,1753
1184,1754
1185,1755
1186,1758
1187,1760
1188,1761
1189,1762
1190,1763
1191,1764
1192,1765
1193,1766
1194,1767
1195,1768
1196,1769
1197,1770
1198,1771
1199,1774
1200,1775
1201,1776
1202,1777
1203,1778
1204,1779
1205,1780
1206,1781
1207,1782
1208,1783
1209,1784
1210,1785
1211,1786
1212,1789
1213,1790
1214,1791
1215,1792
1216,1793
1217,1794
1218,1795
1219,1798
1220,1799
1221,1800
1222,1801
1223,1802
1224,1803
1225,1804
1226,1805
1227,1806
1228,1807
1229,1808
1230,1809
1231,1810
1232,1813
1233,1814
1234,1815
1235,1821
1236,1822
1237,1823
1238,1824
1239,1827
1240,1829
1241,1830
1242,1831
1243,1834
1244,1835
1245,1836
1246,1837
1247,1838
1248,1839
1249,1840
1250,1841
1251,1842
1252,1843
1253,1844
1254,1845
1255,1846
1256,1851
1257,1852
1258,1853
1259,1854
1260,1855
1261,1856
1262,1857
1263,1859
1264,1860
1265,1867
1266,1869
1267,1870
1268,1872
1269,1873
1270,1874
1271,1877
1272,1878
1273,1879
1274,1880
1275,1882
1276,1883
1277,1884
1278,1885
1279,1886
1280,1887
1281,1888
1282,1889
1283,1890
1284,1891
1285,1892
1286,1895
1287,1896
1288,1897
1289,1898
1290,1899
1291,1900
1292,1901
1293,1904
1294,1907
1295,1908
1296,1909
1297,1910
1298,1911
1299,1912
1300,1913
1301,1916
1302,1917
1303,1918
1304,1919
1305,1920
1306,1921
1307,1922
1308,1923
1309,1924
1310,1925
1311,1926
1312,1927
1313,1928
1314,1929
1315,1934
1316,1935
1317,1936
1318,1937
1319,1938
1320,1939
1321,1942
1322,1943
1323,1944
1324,1945
1325,1946
1326,1947
1327,1948
1328,1953
1329,1954
1330,1955
1331,1956
1332,1957
1333,1959
1334,1960
1335,1962
1336,1963
1337,1964
1338,1965
1339,1967
1340,1968
1341,1969
1342,1970
1343,1971
1344,1972
1345,1974
1346,1975
1347,1976
1348,1977
1349,1982
1350,1983
1351,1985
1352,1986
1353,1987
1354,1988
1355,1989
1356,1990
1357,1991
1358,1992
1359,1993
1360,1994
1361,1995
1362,1996
1363,1997
1364,2000
1365,2001
1366,2002
1367,2003
1368,2004
1369,2005
1370,2006
1371,2007
1372,2008
1373,2009
1374,2010
1375,2011
1376,2012
1377,2015
1378,2016
1379,2017
1380,2018
1381,2019
1382,2020
1383,2021
1384,2022
1385,2023
1386,2024
1387,2025
1388,2026
1389,2027
1390,2028
1391,2031
1392,2033
1393,2034
1394,2035
1395,2036
1396,2037
1397,2038
1398,2039
1399,2040
1400,2041
1401,2042
1402,2043
1403,2044
1404,2047
1405,2048
1406,2049
1407,2050
1408,2051
1409,2052
1410,2053
1411,2054
1412,2055
1413,2056
1414,2057
1415,2058
1416,2059
1417,2062
1418,2063
1419,2064
1420,2065
1421,2066
1422,2067
1423,2068
1424,2071
1425,2072
1426,2073
1427,2075
1428,2076
1429,2078
1430,2079
1431,2080
1432,2081
1433,2082
1434,2083
1435,2084
1436,2085
1437,2086
1438,2087
1439,2090
1440,2097
1441,2098
1442,2099
1443,2100
1444,2101
1445,2102
1446,2103
1447,2104
1448,2105
1449,2106
1450,2107
1451,2108
1452,2109
1453,2114
1454,2116
1455,2117
1456,2118
1457,2120
1458,2121
1459,2122
1460,2173
1461,2175
1462,2176
1463,2177
1464,2178
1465,2179
1466,2180
1467,2181
1468,2182
1469,2183
1470,2184
1471,2185
1472,2186
1473,2189
1474,2190
1475,2191
1476,2192
1477,2193
1478,2194
1479,2195
1480,2198
1481,2199
1482,2200
1483,2201
1484,2202
1485,2203
1486,2204
1487,2205
1488,2206
1489,2207
1490,2208
1491,2209
1492,2210
1493,2215
1494,2216
1495,2217
1496,2218
1497,2219
1498,2220
1499,2221
1500,2223
1501,2224
1502,2231
1503,2233
1504,2234
1505,2236
1506,2237
1507,2238
1508,2241
1509,2242
1510,2243
1511,2244
1512,2246
1513,2247
1514,2248
1515,2249
1516,2250
1517,2251
1518,2252
1519,2253
1520,2254
1521,2255
1522,2256
1523,2259
1524,2260
1525,2261
1526,2262
1527,2263
1528,2264
1529,2265
1530,2268
1531,2270
1532,2271
1533,2272
1534,2273
1535,2274
1536,2275
1537,2276
1538,2279
1539,2280
1540,2281
1541,2282
1542,2283
1543,2284
1544,2285
1545,2286
1546,2287
1547,2288
1548,2289
1549,2290
1550,2291
1551,2292
1552,2340
1553,2342
1554,2343
1555,2344
1556,2346
1557,2347
1558,2348
1559,2350
1560,2351
1561,2352
1562,2353
1563,2354
1564,2355
1565,2356
1566,2358
1567,2361
1568,2363
1569,2364
1570,2365
1571,2366
1572,2367
1573,2368
1574,2369
1575,2370
1576,2375
1577,2376
1578,2377
1579,2379
1580,2380
1581,2381
1582,2384
1583,2385
1584,2386
1585,2387
1586,2388
1587,2389
1588,2390
1589,2393
1590,2394
1591,2395
1592,2396
1593,2397
1594,2398
1595,2399
1596,2400
1597,2401
1598,2402
1599,2403
1600,2404
1601,2405
1602,2406
1603,2409
1604,2410
1605,2411
1606,2412
1607,2413
1608,2414
1609,2415
1610,2416
1611,2417
1612,2420
1613,2421
1614,2422
1615,2423
1616,2424
1617,2425
1618,2426
1619,2429
1620,2430
1621,2431
1622,2432
1623,2433
1624,2434
1625,2435
1626,2436
1627,2437
1628,2438
1629,2439
1630,2440
1631,2441
1632,2442
1633,2445
1634,2446
1635,2447
1636,2448
1637,2449
1638,2450
1639,2455
1640,2456
1641,2457
1642,2458
1643,2459
1644,2460
1645,2463
1646,2464
1647,2465
1648,2466
1649,2467
1650,2468
1651,2469
1652,2472
1653,2473
1654,2474
1655,2475
1656,2478
1657,2479
1658,2481
1659,2482
1660,2483
1661,2484
1662,2485
1663,2486
1664,2487
1665,2488
1666,2489
1667,2490
1668,2491
1669,2494
1670,2495
1671,2496
1672,2497
1673,2498
1674,2499
1675,2500
1676,2501
1677,2502
1678,2505
1679,2506
1680,2507
1681,2508
1682,2509
1683,2510
1684,2511
1685,2514
1686,2515
1687,2516
1688,2517
1689,2518
1690,2519
1691,2520
1692,2521
1693,2522
1694,2523
1695,2524
1696,2525
1697,2526
1698,2527
1699,2530
1700,2531
1701,2532
1702,2533
1703,2534
1704,2535
1705,2536
1706,2538
1707,2539
1708,2540
1709,2541
1710,2542
1711,2543
1712,2544
1713,2545
1714,2546
1715,2547
1716,2548
1717,2553
1718,2554
1719,2555
1720,2556
1721,2557
1722,2558
1723,2561
1724,2562
1725,2563
1726,2564
1727,2565
1728,2566
1729,2567
1730,2572
1731,2573
1732,2574
1733,2575
1734,2576
1735,2579
1736,2580
1737,2581
1738,2583
1739,2584
1740,2585
1741,2586
1742,2587
1743,2588
1744,2590
1745,2591
1746,2592
1747,2593
1748,2598
1749,2599
1750,2601
1751,2602
1752,2603
1753,2604
1754,2605
1755,2606
1756,2607
1757,2608
1758,2609
1759,2610
1760,2611
1761,2612
1762,2613
1763,2616
1764,2617
1765,2618
1766,2619
1767,2620
1768,2621
1769,2622
1770,2623
1771,2624
1772,2625
1773,2626
1774,2627
1775,2628
1776,2631
1777,2632
1778,2633
1779,2634
1780,2635
1781,2636
1782,2637
1783,2638
1784,2639
1785,2640
1786,2641
1787,2642
1788,2643
1789,2644
1790,2647
1791,2649
1792,2650
1793,2651
1794,2652
1795,2653
1796,2654
1797,2655
1798,2656
1799,2657
1800,2658
1801,2659
1802,2660
1803,2663
1804,2664
1805,2665
1806,2666
1807,2667
1808,2668
1809,2669
1810,2670
1811,2671
1812,2672
1813,2673
1814,2674
1815,2675
1816,2678
1817,2679
1818,2680
1819,2681
1820,2682
1821,2683
1822,2684
1823,2687
1824,2688
1825,2689
1826,2690
1827,2691
1828,2692
1829,2693
1830,2694
1831,2695
1832,2696
1833,2697
1834,2698
1835,2699
1836,2702
1837,2709
1838,2710
1839,2711
1840,2712
1841,2713
1842,2714
1843,2715
1844,2716
1845,2717
1846,2718
1847,2719
1848,2720
1849,2721
1850,2726
1851,2728
1852,2729
1853,2730
1854,2732
1855,2733
1856,2734
1857,2736
1858,2737
1859,2738
1860,2739
1861,2740
1862,2741
1863,2742
1864,2744
1865,2747
1866,2749
1867,2750
1868,2751
1869,2752
1870,2753
1871,2754
1872,2755
1873,2756
1874,2785
1875,2786
1876,2787
1877,2788
1878,2789
1879,2790
1880,2791
1881,2793
1882,2794
1883,2800
1884,2802
1885,2803
1886,2806
1887,2807
1888,2808
1889,2811
1890,2812
1891,2813
1892,2814
1893,2816
1894,2817
1895,2818
1896,2819
1897,2820
1898,2821
1899,2822
1900,2823
1901,2824
1902,2825
1903,2826
1904,2827
1905,2828
1906,2829
1907,2830
1908,2833
1909,2834
1910,2835
1911,2836
1912,2837
1913,2838
1914,2839
1915,2842
1916,2844
1917,2845
1918,2846
1919,2847
1920,2848
1921,2849
1922,2850
1923,2853
1924,2854
1925,2855
1926,2856
1927,2857
1928,2858
1929,2859
1930,2860
1931,2861
1932,2862
1933,2863
1934,2864
1935,2865
1936,2866
1937,2929
1938,2931
1939,2932
1940,2933
1941,2935
1942,2936
1943,2937
1944,2939
1945,2940
1946,2941
1947,2942
1948,2943
1949,2944
1950,2945
1951,2947
1952,2950
1953,2952
1954,2953
1955,2954
1956,2955
1957,2956
1958,2957
1959,2958
1960,2959
1961,2964
1962,2965
1963,2966
1964,2967
1965,2968
1966,2969
1967,2970
1968,2971
1969,2972
1970,2973
1971,2974
1972,2975
1973,2976
1974,2977
1975,2978
1976,2979
1977,2980
1978,2981
1979,2982
1980,2983
1981,2984
1982,2987
1983,2988
1984,2989
1985,2991
1986,2992
1987,2993
1988,2994
1989,2995
1990,2996
1991,2997
1992,2998
1993,2999
1994,3000
1995,3001
1996,3002
1997,3005
1998,3006
1999,3007
2000,3008
2001,3009
2002,3010
2003,3011
2004,3012
2005,3013
2006,3014
2007,3015
2008,3016
2009,3017
2010,3018
2011,3019
2012,3020
2013,3021
2014,3022
2015,3023
2016,3028
2017,3029
2018,3030
2019,3031
2020,3032
2021,3033
2022,3036
2023,3037
2024,3038
2025,3039
2026,3040
2027,3041
2028,3042
2029,3043
<end>
</var/ftp/usrflash/Project/PMAC Script Language/PLC Programs/PLC14_SeqVs.plc>,14
0,7
1,8
2,13
3,14
4,15
5,16
6,17
7,20
8,21
9,22
10,24
11,25
12,26
13,27
14,28
15,29
16,31
17,32
18,33
19,34
20,39
21,40
22,42
23,43
24,44
25,45
26,46
27,47
28,48
29,49
30,50
31,51
32,52
33,53
34,54
35,57
36,58
37,59
38,60
39,61
40,62
41,63
42,64
43,65
44,66
45,67
46,68
47,69
48,72
49,73
50,74
51,75
52,76
53,77
54,78
55,79
56,80
57,81
58,82
59,83
60,84
61,85
62,88
63,90
64,91
65,92
66,93
67,94
68,95
69,96
70,97
71,98
72,99
73,100
74,101
75,104
76,111
77,112
78,114
79,115
80,116
81,117
82,120
83,121
84,122
85,123
86,124
87,125
88,130
89,131
90,132
91,133
92,134
93,135
94,138
95,139
96,140
97,141
98,142
99,143
100,144
101,147
102,148
103,149
104,150
105,151
106,152
107,153
108,154
109,155
110,156
111,157
112,158
113,159
114,164
115,165
116,166
117,167
118,168
119,169
120,170
121,172
122,173
123,175
124,177
125,178
126,184
127,185
128,186
129,189
130,190
131,191
132,192
133,194
134,195
135,196
136,197
137,198
138,199
139,200
140,201
141,202
142,203
143,204
144,207
145,208
146,209
147,210
148,211
149,212
150,213
151,216
152,218
153,219
154,220
155,221
156,222
157,223
158,224
159,227
160,228
161,229
162,230
163,231
164,232
165,233
166,234
167,235
168,236
169,237
170,238
171,239
172,240
173,303
174,304
175,305
176,306
177,307
178,308
179,311
180,312
181,313
182,314
183,315
184,316
185,317
186,320
187,321
188,322
189,323
190,324
191,325
192,326
193,327
194,328
195,329
196,330
197,331
198,332
199,333
200,336
201,337
202,338
203,339
204,340
205,341
206,342
207,343
208,344
209,347
210,348
211,349
212,350
213,351
214,352
215,353
216,356
217,357
218,358
219,359
220,360
221,362
222,363
223,364
224,366
225,368
226,369
227,370
228,371
229,372
230,373
231,374
232,375
233,376
234,377
235,378
236,381
237,382
238,383
239,384
240,385
241,386
242,391
243,392
244,393
245,394
246,395
247,396
248,399
249,400
250,401
251,402
252,403
253,404
254,405
255,408
256,409
257,410
258,411
259,412
260,415
261,416
262,417
263,418
264,419
265,420
266,421
267,422
268,423
269,424
270,425
271,428
272,429
273,430
274,431
275,432
276,433
277,434
278,436
279,437
280,438
281,439
282,440
283,441
284,442
285,443
286,444
287,445
288,474
289,475
290,476
291,477
292,478
293,479
294,482
295,483
296,484
297,485
298,486
299,487
300,488
301,493
302,494
303,495
304,496
305,497
306,500
307,501
308,502
309,504
310,505
311,506
312,507
313,508
314,509
315,511
316,512
317,513
318,514
319,519
320,520
321,522
322,523
323,524
324,525
325,526
326,527
327,528
328,529
329,530
330,531
331,532
332,533
333,534
334,537
335,538
336,539
337,540
338,541
339,542
340,543
341,544
342,545
343,546
344,547
345,548
346,549
347,552
348,553
349,554
350,555
351,556
352,557
353,558
354,559
355,560
356,561
357,562
358,563
359,564
360,565
361,583
362,590
363,591
364,592
365,593
366,594
367,595
368,596
369,597
370,598
371,599
372,600
373,601
374,602
375,631
376,632
377,633
378,634
379,635
380,636
381,637
382,639
383,640
384,644
385,646
386,647
387,649
388,650
389,651
390,654
391,655
392,656
393,657
394,659
395,660
396,661
397,662
398,663
399,664
400,665
401,666
402,667
403,668
404,669
405,672
406,673
407,674
408,675
409,676
410,677
411,678
412,681
413,683
414,684
415,685
416,686
417,687
418,688
419,689
420,692
421,693
422,694
423,695
424,696
425,697
426,698
427,699
428,700
429,701
430,702
431,703
432,704
433,705
434,710
435,711
436,712
437,713
438,714
439,717
440,718
441,719
442,720
443,721
444,722
445,723
446,728
447,729
448,730
449,731
450,732
451,734
452,735
453,738
454,739
455,740
456,742
457,743
458,744
459,745
460,746
461,747
462,748
463,750
464,751
465,752
466,753
467,758
468,759
469,761
470,762
471,763
472,764
473,765
474,766
475,767
476,768
477,769
478,770
479,771
480,772
481,773
482,776
483,777
484,778
485,779
486,780
487,781
488,782
489,783
490,784
491,785
492,786
493,787
494,788
495,791
496,792
497,793
498,794
499,795
500,796
501,797
502,798
503,799
504,800
505,801
506,802
507,803
508,804
509,822
510,831
511,832
512,833
513,834
514,837
515,838
516,839
517,840
518,841
519,842
520,843
521,844
522,845
523,846
524,877
525,878
526,879
527,880
528,881
529,882
530,883
531,885
532,886
533,890
534,892
535,893
536,895
537,896
538,897
539,900
540,901
541,902
542,903
543,905
544,906
545,907
546,908
547,909
548,910
549,911
550,912
551,913
552,914
553,915
554,916
555,919
556,920
557,921
558,922
559,923
560,924
561,925
562,928
563,930
564,931
565,932
566,933
567,934
568,935
569,936
570,939
571,940
572,941
573,942
574,943
575,944
576,945
577,946
578,947
579,948
580,949
581,950
582,951
583,952
584,977
585,978
586,979
587,980
588,981
589,982
590,983
591,984
592,985
593,986
594,987
595,988
596,989
597,990
598,991
599,992
600,993
601,994
602,995
603,996
604,997
605,998
606,999
607,1000
608,1001
609,1002
610,1003
611,1004
612,1005
613,1006
614,1007
615,1008
616,1009
617,1012
618,1013
619,1014
620,1015
621,1016
622,1017
623,1018
624,1021
625,1022
626,1024
627,1025
628,1026
629,1027
630,1028
631,1029
632,1030
633,1031
634,1032
635,1033
636,1034
637,1035
638,1036
639,1037
640,1038
641,1039
642,1040
643,1041
644,1042
645,1043
646,1044
647,1045
648,1046
649,1047
650,1048
651,1049
652,1051
653,1053
654,1054
655,1055
656,1119
657,1120
658,1121
659,1122
660,1123
661,1124
662,1127
663,1128
664,1129
665,1130
666,1131
667,1132
668,1133
669,1138
670,1139
671,1140
672,1141
673,1142
674,1145
675,1146
676,1147
677,1149
678,1150
679,1151
680,1152
681,1153
682,1154
683,1156
684,1157
685,1158
686,1159
687,1164
688,1165
689,1167
690,1168
691,1169
692,1170
693,1171
694,1172
695,1173
696,1174
697,1175
698,1176
699,1177
700,1178
701,1179
702,1182
703,1183
704,1184
705,1185
706,1186
707,1187
708,1188
709,1189
710,1190
711,1191
712,1192
713,1193
714,1194
715,1197
716,1198
717,1199
718,1200
719,1201
720,1202
721,1203
722,1204
723,1205
724,1206
725,1207
726,1208
727,1209
728,1210
729,1213
730,1215
731,1216
732,1217
733,1218
734,1219
735,1220
736,1221
737,1222
738,1223
739,1224
740,1225
741,1226
742,1261
743,1262
744,1263
745,1264
746,1265
747,1266
748,1267
749,1269
750,1270
751,1274
752,1276
753,1277
754,1279
755,1280
756,1281
757,1284
758,1285
759,1286
760,1287
761,1289
762,1290
763,1291
764,1292
765,1293
766,1294
767,1295
768,1296
769,1297
770,1298
771,1299
772,1302
773,1303
774,1304
775,1305
776,1306
777,1307
778,1308
779,1311
780,1312
781,1313
782,1314
783,1315
784,1316
785,1317
786,1318
787,1321
788,1322
789,1323
790,1324
791,1325
792,1326
793,1327
794,1328
795,1329
796,1330
797,1331
798,1332
799,1333
800,1334
801,1339
802,1340
803,1341
804,1342
805,1343
806,1344
807,1347
808,1348
809,1349
810,1350
811,1351
812,1352
813,1353
814,1358
815,1359
816,1360
817,1361
818,1362
819,1365
820,1366
821,1367
822,1369
823,1370
824,1371
825,1372
826,1373
827,1374
828,1376
829,1377
830,1378
831,1379
832,1384
833,1385
834,1387
835,1388
836,1389
837,1390
838,1391
839,1392
840,1393
841,1394
842,1395
843,1396
844,1397
845,1398
846,1399
847,1402
848,1403
849,1404
850,1405
851,1406
852,1407
853,1408
854,1409
855,1410
856,1411
857,1412
858,1413
859,1414
860,1417
861,1418
862,1419
863,1420
864,1421
865,1422
866,1423
867,1424
868,1425
869,1426
870,1427
871,1428
872,1429
873,1430
874,1433
875,1435
876,1436
877,1437
878,1438
879,1439
880,1440
881,1441
882,1442
883,1443
884,1444
885,1445
886,1446
887,1502
888,1503
889,1504
890,1505
891,1506
892,1507
893,1508
894,1510
895,1511
896,1516
897,1518
898,1519
899,1521
900,1522
901,1523
902,1526
903,1527
904,1528
905,1529
906,1531
907,1532
908,1533
909,1534
910,1535
911,1536
912,1537
913,1538
914,1539
915,1540
916,1541
917,1544
918,1545
919,1546
920,1547
921,1548
922,1549
923,1550
924,1553
925,1555
926,1556
927,1557
928,1558
929,1559
930,1560
931,1562
932,1563
933,1564
934,1565
935,1566
936,1567
937,1568
938,1569
939,1570
940,1572
941,1573
942,1574
943,1575
944,1576
945,1577
946,1578
947,1579
948,1581
949,1582
950,1583
951,1584
952,1585
953,1586
954,1587
955,1588
956,1590
957,1591
958,1592
959,1593
960,1594
961,1597
962,1600
963,1601
964,1602
965,1603
966,1604
967,1605
968,1606
969,1609
970,1610
971,1611
972,1612
973,1613
974,1614
975,1615
976,1616
977,1619
978,1620
979,1621
980,1622
981,1623
982,1624
983,1625
984,1626
985,1627
986,1691
987,1692
988,1693
989,1694
990,1695
991,1696
992,1697
993,1699
994,1700
995,1701
996,1702
997,1703
998,1704
999,1705
1000,1706
1001,1707
1002,1708
1003,1709
1004,1711
1005,1712
1006,1713
1007,1714
1008,1715
1009,1716
1010,1717
1011,1718
1012,1719
1013,1720
1014,1721
1015,1722
1016,1723
1017,1724
1018,1725
1019,1726
1020,1727
1021,1728
1022,1729
1023,1730
1024,1731
1025,1732
1026,1733
1027,1734
1028,1735
1029,1736
1030,1738
1031,1739
1032,1740
1033,1741
1034,1742
1035,1743
1036,1744
1037,1746
1038,1749
1039,1751
1040,1752
1041,1753
1042,1754
1043,1756
1044,1757
1045,1758
1046,1759
1047,1760
1048,1761
1049,1762
1050,1763
1051,1764
1052,1765
1053,1766
1054,1767
1055,1768
1056,1769
1057,1770
1058,1772
1059,1773
1060,1774
1061,1775
1062,1776
1063,1777
1064,1778
1065,1779
1066,1780
1067,1781
1068,1782
1069,1784
1070,1787
1071,1788
1072,1789
1073,1790
1074,1791
1075,1792
1076,1793
1077,1794
1078,1795
1079,1796
1080,1797
1081,1798
1082,1799
1083,1800
1084,1801
1085,1802
1086,1803
1087,1804
1088,1805
1089,1810
1090,1811
1091,1812
1092,1813
1093,1814
1094,1815
1095,1818
1096,1819
1097,1820
1098,1821
1099,1822
1100,1823
1101,1824
1102,1829
1103,1830
1104,1831
1105,1832
1106,1833
1107,1836
1108,1837
1109,1838
1110,1840
1111,1841
1112,1842
1113,1843
1114,1844
1115,1845
1116,1847
1117,1848
1118,1849
1119,1850
1120,1855
1121,1856
1122,1858
1123,1859
1124,1860
1125,1861
1126,1862
1127,1863
1128,1864
1129,1865
1130,1866
1131,1867
1132,1868
1133,1869
1134,1870
1135,1873
1136,1874
1137,1875
1138,1876
1139,1877
1140,1878
1141,1879
1142,1880
1143,1881
1144,1882
1145,1883
1146,1884
1147,1885
1148,1888
1149,1889
1150,1890
1151,1891
1152,1892
1153,1893
1154,1894
1155,1895
1156,1896
1157,1897
1158,1898
1159,1899
1160,1900
1161,1901
1162,1904
1163,1906
1164,1907
1165,1908
1166,1909
1167,1910
1168,1911
1169,1912
1170,1913
1171,1914
1172,1915
1173,1916
1174,1917
1175,1920
1176,1927
1177,1928
1178,1929
1179,1930
1180,1931
1181,1932
1182,1933
1183,1934
1184,1935
1185,1936
1186,1937
1187,1938
1188,1939
1189,1968
1190,1969
1191,1970
1192,1971
1193,1972
1194,1973
1195,1974
1196,1976
1197,1977
1198,1981
1199,1983
1200,1984
1201,1986
1202,1987
1203,1988
1204,1991
1205,1992
1206,1993
1207,1994
1208,1996
1209,1997
1210,1998
1211,1999
1212,2000
1213,2001
1214,2002
1215,2003
1216,2004
1217,2005
1218,2006
1219,2007
1220,2008
1221,2009
1222,2010
1223,2013
1224,2014
1225,2015
1226,2016
1227,2017
1228,2018
1229,2019
1230,2022
1231,2025
1232,2026
1233,2027
1234,2028
1235,2029
1236,2030
1237,2031
1238,2034
1239,2035
1240,2036
1241,2037
1242,2038
1243,2039
1244,2040
1245,2041
1246,2042
1247,2043
1248,2044
1249,2045
1250,2046
1251,2047
1252,2110
1253,2111
1254,2112
1255,2113
1256,2114
1257,2115
1258,2116
1259,2117
1260,2118
1261,2119
1262,2120
1263,2121
1264,2122
1265,2123
1266,2124
1267,2125
1268,2126
1269,2127
1270,2128
1271,2129
1272,2130
1273,2133
1274,2134
1275,2135
1276,2137
1277,2138
1278,2139
1279,2140
1280,2141
1281,2142
1282,2143
1283,2144
1284,2145
1285,2146
1286,2147
1287,2148
1288,2151
1289,2158
1290,2159
1291,2160
1292,2161
1293,2162
1294,2163
1295,2164
1296,2165
1297,2166
1298,2167
1299,2168
1300,2169
1301,2170
1302,2175
1303,2176
1304,2177
1305,2178
1306,2179
1307,2180
1308,2183
1309,2184
1310,2185
1311,2186
1312,2187
1313,2188
1314,2189
1315,2190
<end>
</var/ftp/usrflash/Project/PMAC Script Language/PLC Programs/PLC20_Cylinder.plc>,20
0,10
1,11
2,12
3,13
4,14
5,15
6,16
7,17
8,18
9,19
10,20
11,21
12,23
13,24
14,25
15,26
16,27
17,28
18,29
19,30
20,31
21,32
22,33
23,34
24,36
25,37
26,38
27,39
28,40
29,41
30,42
31,43
32,44
33,45
34,46
35,47
36,49
37,50
38,51
39,52
40,53
41,54
42,55
43,56
44,57
45,58
46,59
47,60
48,62
49,63
50,64
51,65
52,66
53,67
54,68
55,69
56,70
57,71
58,72
59,73
60,75
61,76
62,77
63,78
64,79
65,80
66,81
67,82
68,83
69,84
70,85
71,86
72,101
73,102
74,103
75,104
76,105
77,106
78,107
79,108
80,109
81,110
82,111
83,112
84,113
85,120
86,121
87,123
88,124
89,125
90,126
91,127
92,128
93,129
94,130
95,135
96,136
97,137
98,139
99,140
100,141
101,142
102,143
103,144
104,145
105,146
106,147
107,148
108,149
109,150
110,151
111,152
112,153
113,155
114,156
115,157
116,158
117,159
118,160
119,161
120,162
121,164
122,165
123,167
124,168
125,169
126,170
127,171
128,172
129,173
130,174
131,175
132,176
133,177
134,178
135,181
136,182
137,184
138,185
139,186
140,187
141,188
142,189
143,190
144,191
145,196
146,197
147,198
148,199
149,200
150,201
151,202
152,204
153,205
154,206
155,207
156,208
157,210
158,211
159,212
160,213
161,215
162,216
163,217
164,218
165,219
166,220
167,222
168,223
169,224
170,225
171,227
172,228
173,229
174,230
175,231
176,232
177,235
178,236
179,237
180,238
181,239
182,240
183,243
184,244
185,245
186,246
187,247
188,248
189,249
190,250
191,251
192,252
193,253
194,254
195,255
196,256
197,257
198,258
199,259
200,260
201,261
202,262
203,263
204,264
205,265
206,268
207,269
208,270
209,271
210,272
211,273
212,274
213,275
214,276
215,279
216,280
217,281
218,282
219,283
220,284
221,285
222,288
223,289
224,290
225,291
226,292
227,295
228,296
229,297
230,298
231,299
232,300
233,301
234,302
235,303
236,304
237,305
238,306
239,307
240,308
241,309
242,312
243,313
244,314
245,315
246,316
247,317
248,318
249,319
250,322
251,323
252,324
253,325
254,326
255,327
256,328
257,329
258,330
259,331
260,332
261,333
262,334
263,337
264,338
265,339
266,340
267,341
268,342
269,343
270,344
271,345
272,346
273,347
274,348
275,351
276,352
277,353
278,354
279,355
280,356
281,357
282,358
283,359
284,360
285,361
286,362
287,363
288,367
289,368
290,369
291,370
292,371
293,372
294,373
295,376
296,377
297,378
298,379
299,380
300,385
301,386
302,387
303,388
304,389
305,391
306,392
307,393
308,395
309,396
310,397
311,398
312,399
313,400
314,401
315,402
316,404
317,405
318,406
319,407
320,408
321,409
322,411
323,412
324,413
325,414
326,416
327,417
328,418
329,419
330,420
331,421
332,424
333,425
334,426
335,427
336,428
337,429
338,432
339,433
340,434
341,435
342,436
343,437
344,438
345,439
346,440
347,441
348,442
349,443
350,444
351,445
352,446
353,447
354,448
355,449
356,450
357,451
358,452
359,453
360,454
361,455
362,458
363,459
364,460
365,461
366,462
367,463
368,464
369,465
370,466
371,469
372,470
373,471
374,472
375,473
376,474
377,475
378,478
379,479
380,480
381,481
382,482
383,485
384,486
385,487
386,488
387,489
388,490
389,491
390,492
391,493
392,494
393,495
394,496
395,497
396,498
397,502
398,503
399,504
400,505
401,506
402,509
403,510
404,511
405,512
406,513
407,514
408,516
409,517
410,518
411,519
412,520
413,521
414,522
415,523
416,524
417,527
418,528
419,529
420,530
421,531
422,532
423,533
424,536
425,537
426,538
427,539
428,540
429,541
430,542
431,544
432,545
433,546
434,547
435,548
436,549
437,550
438,551
439,552
440,555
441,556
442,557
443,558
444,559
445,564
446,565
447,566
448,567
449,568
450,569
451,570
452,571
453,573
454,574
455,575
456,576
457,577
458,578
459,579
460,580
461,582
462,583
463,584
464,585
465,586
466,587
467,589
468,590
469,591
470,592
471,594
472,595
473,596
474,597
475,598
476,599
477,600
478,603
479,604
480,605
481,606
482,607
483,608
484,611
485,612
486,613
487,614
488,615
489,616
490,617
491,618
492,619
493,620
494,621
495,622
496,623
497,624
498,625
499,626
500,627
501,628
502,629
503,630
504,631
505,632
506,633
507,636
508,637
509,638
510,639
511,640
512,641
513,642
514,643
515,644
516,647
517,648
518,649
519,650
520,651
521,652
522,653
523,656
524,657
525,658
526,659
527,660
528,663
529,664
530,665
531,666
532,667
533,668
534,669
535,670
536,671
537,672
538,673
539,674
540,675
541,676
542,680
543,681
544,682
545,683
546,684
547,687
548,688
549,689
550,690
551,691
552,692
553,694
554,695
555,696
556,697
557,698
558,699
559,700
560,701
561,702
562,705
563,706
564,707
565,708
566,709
567,710
568,711
569,714
570,715
571,716
572,717
573,718
574,719
575,720
576,722
577,723
578,724
579,725
580,726
581,727
582,728
583,729
584,730
585,733
586,734
587,735
588,736
589,737
590,739
<end>
</var/ftp/usrflash/Project/PMAC Script Language/PLC Programs/PLC21_TestShot.plc>,21
0,10
1,11
2,12
3,13
4,14
5,15
6,17
7,18
8,19
9,20
10,22
11,24
12,25
13,26
14,28
15,29
16,30
17,31
18,36
19,37
20,38
21,39
22,41
23,42
24,43
25,44
26,45
27,48
28,49
29,50
30,51
31,54
32,55
33,56
34,57
35,58
36,61
37,62
38,63
39,64
40,67
41,68
42,69
43,70
44,71
45,74
46,75
47,76
48,77
49,78
50,79
51,80
52,81
53,82
54,83
55,84
56,85
57,86
58,87
59,88
<end>
</var/ftp/usrflash/Project/PMAC Script Language/PLC Programs/PLC22_LaserCtrl.plc>,22
0,10
1,11
2,12
3,13
4,14
5,15
6,16
7,17
8,19
9,20
10,21
11,22
12,23
13,24
14,25
15,26
16,28
17,29
18,34
19,35
20,36
21,37
22,38
23,39
24,41
25,42
26,43
27,44
28,45
29,46
30,48
31,49
32,50
33,51
34,53
35,54
36,55
37,56
38,57
39,58
40,61
41,62
42,63
43,64
44,65
45,66
46,67
47,68
48,69
49,70
50,71
51,72
52,73
53,74
54,75
55,78
56,79
57,80
58,81
59,82
60,83
61,84
62,85
63,86
64,87
65,88
66,89
67,90
68,91
69,92
70,95
71,96
72,97
73,98
74,99
75,100
76,101
77,102
78,103
79,104
80,105
81,106
82,107
83,108
84,109
85,112
86,113
87,114
88,115
89,116
90,117
91,118
92,119
93,120
94,121
95,122
96,123
97,124
98,125
99,126
100,129
101,130
102,131
103,132
104,133
105,134
106,135
107,140
108,141
109,142
110,143
111,144
112,145
113,147
114,148
115,149
116,150
117,151
118,152
119,154
120,155
121,156
122,157
123,159
124,160
125,161
126,162
127,163
128,164
129,167
130,168
131,169
132,170
133,171
134,172
135,173
136,174
137,175
138,176
139,177
140,178
141,179
142,180
143,181
144,184
145,185
146,186
147,187
148,188
149,189
150,190
151,191
152,192
153,193
154,194
155,195
156,196
157,197
158,198
159,201
160,202
161,203
162,204
163,205
164,206
165,207
166,208
167,209
168,210
169,211
170,212
171,213
172,214
173,215
174,218
175,219
176,220
177,221
178,222
179,223
180,224
181,225
182,226
183,227
184,228
185,229
186,230
187,231
188,232
189,235
190,236
191,237
192,238
193,239
194,240
195,241
196,246
197,247
198,248
199,249
200,250
201,251
202,253
203,254
204,255
205,256
206,257
207,258
208,259
209,261
210,262
211,263
212,264
213,266
214,267
215,268
216,269
217,270
218,273
219,274
220,275
221,276
222,277
223,278
224,279
225,280
226,281
227,282
228,283
229,284
230,285
231,286
232,287
233,290
234,291
235,292
236,293
237,294
238,295
239,296
240,299
241,301
242,302
243,303
244,304
245,305
246,307
247,308
248,309
249,310
250,311
251,312
252,313
253,314
254,315
255,316
256,318
257,319
258,320
259,321
260,322
261,323
262,324
263,325
264,326
265,327
266,329
267,330
268,331
269,332
270,333
271,334
272,335
273,336
274,337
275,338
276,340
277,341
278,344
279,345
280,346
281,347
282,348
283,349
284,350
285,355
286,356
287,357
288,358
289,359
290,360
291,362
292,363
293,364
294,365
295,366
296,367
297,368
298,370
299,371
300,372
301,373
302,375
303,376
304,377
305,378
306,379
307,382
308,383
309,384
310,385
311,386
312,387
313,388
314,389
315,390
316,391
317,392
318,393
319,394
320,395
321,396
322,399
323,400
324,401
325,402
326,403
327,404
328,405
329,408
330,410
331,411
332,412
333,413
334,414
335,416
336,417
337,418
338,419
339,420
340,421
341,422
342,423
343,424
344,425
345,427
346,428
347,429
348,430
349,431
350,432
351,433
352,434
353,435
354,436
355,438
356,439
357,440
358,441
359,442
360,443
361,444
362,445
363,446
364,447
365,449
366,450
367,453
368,454
369,455
370,456
371,457
372,458
373,459
374,461
<end>
</var/ftp/usrflash/Project/PMAC Script Language/PLC Programs/PLC23_TargetMove.plc>,23
0,12
1,13
2,14
3,15
4,16
5,17
6,19
7,20
8,21
9,22
10,23
11,24
12,25
13,27
14,28
15,29
16,30
17,35
18,37
19,38
20,39
21,40
22,41
23,42
24,43
25,44
26,45
27,46
28,47
29,48
30,51
31,52
32,53
33,54
34,55
35,56
36,57
37,58
38,59
39,60
40,61
41,62
42,65
43,66
44,67
45,68
46,69
47,70
48,71
49,72
50,73
51,74
52,75
53,76
54,77
55,80
56,81
57,82
58,83
59,84
60,85
61,86
62,87
63,88
64,89
65,90
66,91
67,96
68,97
69,98
70,99
71,100
72,101
73,102
74,104
75,105
76,108
77,109
78,113
79,114
80,116
81,118
82,119
83,120
84,121
85,122
86,123
87,124
88,125
89,126
90,127
91,130
92,131
93,132
94,133
95,134
96,135
97,136
98,139
99,140
100,141
101,142
102,143
103,144
104,145
105,146
106,147
107,148
108,149
109,150
110,155
111,156
112,157
113,158
114,159
115,162
116,163
117,164
118,165
119,166
120,168
121,169
122,174
123,175
124,176
125,177
126,178
127,179
128,181
129,182
130,183
131,184
132,185
133,186
134,187
135,189
136,190
137,191
138,192
139,197
140,199
141,200
142,201
143,202
144,203
145,204
146,205
147,206
148,207
149,208
150,209
151,210
152,213
153,214
154,215
155,216
156,217
157,218
158,219
159,220
160,221
161,222
162,223
163,224
164,227
165,228
166,229
167,230
168,231
169,232
170,233
171,234
172,235
173,236
174,237
175,238
176,239
177,242
178,243
179,244
180,245
181,246
182,247
183,248
184,249
185,250
186,251
187,252
188,253
189,258
190,259
191,260
192,261
193,263
194,264
195,265
196,267
197,268
198,271
199,272
200,274
201,275
202,277
203,279
204,280
205,281
206,282
207,283
208,284
209,285
210,286
211,287
212,288
213,291
214,292
215,293
216,294
217,295
218,296
219,297
220,300
221,301
222,302
223,303
224,304
225,305
226,306
227,307
228,308
229,309
230,310
231,311
232,316
233,317
234,318
235,319
236,320
237,323
238,324
239,325
240,326
241,327
242,329
243,330
244,331
<end>
</var/ftp/usrflash/Project/PMAC Script Language/PLC Programs/PLC24_Cover.plc>,24
0,10
1,11
2,12
3,13
4,15
5,17
6,18
7,19
8,20
9,21
10,23
11,24
12,26
13,27
14,28
15,29
16,30
17,31
18,33
19,34
20,35
21,36
22,38
23,39
24,40
25,41
26,42
27,43
28,44
29,45
30,46
31,47
32,48
33,51
34,53
35,54
36,55
37,56
38,57
39,58
40,59
41,60
42,61
43,65
44,66
45,67
46,80
47,86
48,87
49,88
50,89
51,90
52,91
53,92
54,93
55,94
56,95
57,96
58,99
59,100
60,101
61,102
62,103
63,104
64,105
65,108
66,109
67,110
68,111
69,112
70,113
71,114
72,115
73,116
74,117
75,118
76,119
77,122
78,123
79,124
80,125
81,126
82,127
83,128
84,129
85,130
86,131
87,132
88,133
89,134
90,137
91,138
92,139
93,140
94,141
95,142
96,143
97,146
98,147
99,148
100,149
101,150
102,151
103,152
104,153
105,154
106,155
107,156
108,157
109,158
110,161
111,162
112,163
113,164
114,165
115,166
116,169
117,170
118,171
119,172
120,173
121,174
122,175
123,176
124,177
125,178
126,179
127,182
128,183
129,184
130,185
131,186
132,187
133,188
134,189
135,190
136,191
137,194
138,195
139,196
140,197
141,198
142,199
143,200
144,201
145,202
146,203
147,204
148,205
149,206
150,209
151,210
152,211
153,212
154,213
155,214
156,217
157,218
158,219
159,220
160,221
161,224
162,225
163,226
164,227
165,228
166,229
167,230
168,235
169,236
170,237
171,238
172,240
173,242
174,243
175,244
176,245
177,246
178,248
179,249
180,251
181,252
182,253
183,254
184,255
185,256
186,258
187,259
188,260
189,261
190,263
191,264
192,265
193,266
194,267
195,268
196,269
197,270
198,271
199,272
200,273
201,276
202,278
203,279
204,280
205,281
206,282
207,283
208,284
209,285
210,286
211,289
212,290
213,291
214,304
215,310
216,311
217,312
218,313
219,314
220,315
221,316
222,317
223,318
224,319
225,320
226,323
227,324
228,325
229,326
230,327
231,328
232,329
233,332
234,333
235,334
236,335
237,336
238,337
239,338
240,339
241,340
242,341
243,342
244,343
245,346
246,347
247,348
248,349
249,350
250,351
251,352
252,353
253,354
254,355
255,356
256,357
257,358
258,361
259,362
260,363
261,364
262,365
263,366
264,367
265,370
266,371
267,372
268,373
269,374
270,375
271,376
272,377
273,378
274,379
275,380
276,381
277,382
278,385
279,386
280,387
281,388
282,389
283,390
284,393
285,394
286,395
287,396
288,397
289,398
290,399
291,400
292,401
293,402
294,403
295,406
296,407
297,408
298,409
299,410
300,411
301,412
302,413
303,414
304,415
305,418
306,419
307,420
308,421
309,422
310,423
311,424
312,425
313,426
314,427
315,428
316,429
317,430
318,433
319,434
320,435
321,436
322,437
323,438
324,441
325,442
326,443
327,444
328,445
329,446
330,449
331,450
332,451
333,452
334,453
335,454
336,455
337,458
338,459
339,460
340,461
341,462
342,463
343,464
344,465
345,466
346,467
347,468
348,469
349,470
350,473
351,474
352,475
353,476
354,477
355,478
356,481
357,482
358,483
359,484
360,485
361,488
362,489
363,490
364,491
365,492
366,493
367,494
368,499
369,500
370,501
371,502
372,503
373,504
374,506
375,507
376,508
377,509
378,510
379,511
380,513
381,514
382,515
383,516
384,518
385,519
386,520
387,521
388,522
389,523
390,524
391,525
392,526
393,527
394,528
395,529
396,532
397,534
398,535
399,537
400,538
401,539
402,542
403,544
404,545
405,546
406,547
407,548
408,549
409,550
410,551
411,552
412,553
413,554
414,558
415,559
416,560
417,561
418,562
419,565
420,566
421,567
422,568
423,569
424,570
425,571
426,576
427,577
428,578
429,579
430,580
431,581
432,583
433,584
434,585
435,586
436,587
437,588
438,590
439,591
440,592
441,593
442,595
443,596
444,597
445,598
446,599
447,600
448,601
449,602
450,603
451,604
452,605
453,608
454,610
455,611
456,613
457,614
458,615
459,618
460,620
461,621
462,622
463,623
464,624
465,625
466,626
467,627
468,628
469,629
470,630
471,634
472,635
473,636
474,637
475,638
476,641
477,642
478,643
479,644
480,645
481,646
482,647
483,652
484,653
485,654
486,655
487,657
488,659
489,660
490,661
491,663
492,664
493,666
494,667
495,668
496,669
497,670
498,671
499,673
500,674
501,675
502,676
503,678
504,679
505,680
506,681
507,682
508,683
509,684
510,685
511,686
512,687
513,688
514,691
515,693
516,694
517,695
518,696
519,697
520,698
521,699
522,700
523,701
524,704
525,705
526,706
527,709
528,713
529,715
530,716
531,717
532,718
533,719
534,720
535,721
536,722
537,723
538,724
539,727
540,728
541,729
542,730
543,731
544,732
545,733
546,736
547,737
548,738
549,739
550,740
551,741
552,742
553,743
554,744
555,745
556,746
557,747
558,750
559,751
560,752
561,753
562,754
563,755
564,756
565,757
566,758
567,759
568,760
569,761
570,762
571,765
572,766
573,767
574,768
575,769
576,770
577,771
578,774
579,775
580,776
581,777
582,778
583,779
584,780
585,781
586,782
587,783
588,784
589,785
590,786
591,789
592,790
593,791
594,792
595,793
596,794
597,797
598,798
599,799
600,800
601,801
602,802
603,803
604,804
605,805
606,806
607,807
608,808
609,809
610,812
611,813
612,814
613,815
614,816
615,817
616,818
617,819
618,820
619,821
620,822
621,823
622,824
623,827
624,828
625,829
626,830
627,831
628,832
629,835
630,836
631,837
632,838
633,839
634,842
635,843
636,844
637,845
638,846
639,847
640,848
641,853
642,854
643,855
644,856
645,858
646,860
647,861
648,862
649,864
650,865
651,867
652,868
653,869
654,870
655,871
656,872
657,874
658,875
659,876
660,877
661,879
662,880
663,881
664,882
665,883
666,884
667,885
668,886
669,887
670,888
671,889
672,892
673,894
674,895
675,896
676,897
677,898
678,899
679,900
680,901
681,902
682,905
683,906
684,907
685,910
686,914
687,916
688,917
689,918
690,919
691,920
692,921
693,922
694,923
695,924
696,925
697,928
698,929
699,930
700,931
701,932
702,933
703,934
704,937
705,938
706,939
707,940
708,941
709,942
710,943
711,944
712,945
713,946
714,947
715,948
716,951
717,952
718,953
719,954
720,955
721,956
722,957
723,958
724,959
725,960
726,961
727,962
728,963
729,966
730,967
731,968
732,969
733,970
734,971
735,972
736,975
737,976
738,977
739,978
740,979
741,980
742,981
743,982
744,983
745,984
746,985
747,986
748,987
749,990
750,991
751,992
752,993
753,994
754,995
755,998
756,999
757,1000
758,1001
759,1002
760,1003
761,1004
762,1005
763,1006
764,1007
765,1008
766,1009
767,1010
768,1013
769,1014
770,1015
771,1016
772,1017
773,1018
774,1019
775,1022
776,1023
777,1024
778,1025
779,1026
780,1027
781,1028
782,1029
783,1030
784,1031
785,1032
786,1033
787,1034
788,1037
789,1038
790,1039
791,1040
792,1041
793,1042
794,1045
795,1046
796,1047
797,1048
798,1049
799,1050
800,1053
801,1054
802,1055
803,1056
804,1057
805,1058
806,1059
807,1062
808,1063
809,1064
810,1065
811,1066
812,1067
813,1068
814,1069
815,1070
816,1071
817,1072
818,1073
819,1074
820,1077
821,1078
822,1079
823,1080
824,1081
825,1082
826,1085
827,1086
828,1087
829,1088
830,1089
831,1092
832,1093
833,1094
834,1095
835,1096
836,1097
837,1098
838,1099
<end>
</var/ftp/usrflash/Project/PMAC Script Language/PLC Programs/PLC25_BlowOff.plc>,25
0,7
1,9
2,10
3,11
4,12
5,13
6,14
7,15
8,16
9,18
10,19
11,20
12,21
13,22
14,23
15,24
16,25
17,26
18,27
19,28
20,29
21,31
22,32
23,33
24,35
25,36
26,42
27,43
28,44
29,45
30,46
31,47
32,49
33,50
34,51
35,53
36,54
37,55
38,56
39,57
40,58
41,60
42,61
43,62
44,63
45,65
46,66
47,67
48,68
49,69
50,70
51,71
52,72
53,73
54,74
55,75
56,76
57,77
58,78
59,79
60,80
61,81
62,82
63,83
64,84
65,86
66,87
67,88
68,89
69,90
70,93
71,94
72,95
73,96
74,97
75,98
76,99
77,103
78,104
79,105
80,106
81,107
82,108
83,109
84,111
85,112
86,113
87,114
88,115
89,116
90,118
91,119
92,120
93,121
94,123
95,124
96,125
97,126
98,127
99,128
100,129
101,130
102,131
103,132
104,133
105,134
106,135
107,136
108,144
109,146
110,147
111,148
112,149
113,150
114,151
115,152
116,153
117,154
118,155
119,156
120,157
121,158
122,159
123,160
124,161
125,162
126,163
127,164
128,165
129,166
130,167
131,168
132,169
133,170
134,171
135,172
136,173
137,174
138,175
139,176
140,177
141,179
142,180
143,181
144,182
145,183
146,186
147,187
148,188
149,189
150,190
151,191
152,192
153,193
<end>
</var/ftp/usrflash/Project/PMAC Script Language/PLC Programs/PLC27_PickAndPlace.plc>,27
0,30
1,31
2,32
3,33
4,34
5,35
6,37
7,38
8,39
9,40
10,41
11,42
12,43
13,46
14,47
15,48
16,49
17,54
18,55
19,56
20,57
21,58
22,59
23,60
24,61
25,62
26,63
27,64
28,65
29,66
30,69
31,70
32,71
33,72
34,73
35,74
36,75
37,76
38,77
39,78
40,79
41,80
42,83
43,84
44,85
45,86
46,87
47,88
48,89
49,90
50,91
51,92
52,93
53,94
54,95
55,98
56,99
57,100
58,101
59,102
60,103
61,104
62,105
63,106
64,107
65,108
66,109
67,112
68,126
69,127
70,128
71,129
72,130
73,131
74,133
75,134
76,135
77,136
78,137
79,138
80,139
81,140
82,141
83,142
84,143
85,144
86,149
87,151
88,152
89,153
90,156
91,157
92,158
93,159
94,160
95,161
96,162
97,163
98,164
99,165
100,166
101,167
102,170
103,172
104,173
105,174
106,175
107,176
108,178
109,179
110,180
111,181
112,182
113,184
114,185
115,188
116,190
117,191
118,192
119,193
120,194
121,195
122,196
123,197
124,198
125,199
126,200
127,203
128,205
129,206
130,207
131,208
132,209
133,211
134,212
135,213
136,214
137,215
138,217
139,218
140,221
141,223
142,224
143,225
144,226
145,227
146,228
147,229
148,230
149,231
150,232
151,233
152,236
153,238
154,239
155,240
156,243
157,244
158,245
159,246
160,247
161,248
162,249
163,250
164,252
165,253
166,254
167,255
168,256
169,257
170,258
171,259
172,260
173,263
174,264
175,265
176,266
177,267
178,268
179,269
180,270
181,271
182,272
183,273
184,274
185,280
186,281
187,282
188,283
189,284
190,285
191,288
192,289
193,290
194,291
195,292
196,293
197,294
198,297
199,298
200,299
201,300
202,301
203,302
204,303
205,304
206,305
207,306
208,307
209,308
210,309
211,310
212,311
213,314
214,315
215,316
216,317
217,318
218,319
219,320
220,323
221,324
222,325
223,326
224,327
225,328
226,329
227,330
228,331
229,332
230,333
231,334
232,335
233,336
234,337
235,338
236,341
237,342
238,343
239,344
240,345
241,346
242,347
243,350
244,351
245,352
246,353
247,354
248,355
249,356
250,357
251,358
252,359
253,360
254,361
255,362
256,363
257,364
258,365
259,368
260,369
261,370
262,371
263,372
264,373
265,374
266,377
267,378
268,379
269,380
270,381
271,382
272,383
273,384
274,385
275,386
276,387
277,388
278,389
279,392
280,393
281,394
282,395
283,396
284,397
285,398
286,399
287,400
288,401
289,402
290,403
291,404
292,405
293,406
294,407
295,408
296,409
297,414
298,416
299,417
300,418
301,419
302,420
303,422
304,423
305,424
306,425
307,426
308,428
309,429
310,432
311,434
312,435
313,436
314,437
315,438
316,439
317,440
318,441
319,442
320,443
321,444
322,447
323,449
324,450
325,451
326,452
327,453
328,455
329,456
330,457
331,458
332,459
333,461
334,462
335,465
336,467
337,468
338,469
339,470
340,471
341,472
342,473
343,474
344,475
345,476
346,477
347,480
348,481
349,482
350,483
351,484
352,487
353,488
354,489
355,490
356,491
357,492
358,493
359,494
360,496
361,497
362,498
363,499
364,500
365,501
366,502
367,503
368,504
369,507
370,508
371,509
372,510
373,511
374,512
375,513
376,514
377,515
378,516
379,517
380,518
381,524
382,525
383,526
384,527
385,528
386,529
387,532
388,533
389,534
390,535
391,536
392,537
393,538
394,541
395,542
396,543
397,544
398,545
399,546
400,547
401,548
402,549
403,550
404,551
405,552
406,553
407,554
408,555
409,556
410,559
411,560
412,561
413,562
414,563
415,564
416,565
417,568
418,569
419,570
420,571
421,572
422,573
423,574
424,575
425,576
426,577
427,578
428,579
429,580
430,581
431,582
432,583
433,586
434,587
435,588
436,589
437,590
438,591
439,592
440,595
441,596
442,597
443,598
444,599
445,600
446,601
447,602
448,603
449,604
450,605
451,606
452,609
453,610
454,611
455,612
456,613
457,614
458,615
459,616
460,617
461,618
462,619
463,620
464,621
465,622
466,623
467,624
468,625
469,626
470,631
471,632
472,633
473,634
474,635
475,638
476,639
477,640
478,641
479,642
480,643
481,644
482,645
483,646
484,647
485,648
486,649
487,652
488,654
489,655
490,656
491,657
492,658
493,660
494,661
495,662
496,663
497,664
498,666
499,667
500,670
501,672
502,673
503,674
504,675
505,676
506,677
507,678
508,679
509,680
510,681
511,682
512,685
513,687
514,688
515,689
516,690
517,691
518,693
519,694
520,695
521,696
522,697
523,699
524,700
525,703
526,704
527,705
528,706
529,707
530,708
531,709
532,710
533,711
534,712
535,713
536,714
537,717
538,718
539,719
540,720
541,721
542,724
543,725
544,726
545,727
546,728
547,729
548,730
549,731
550,733
551,734
552,735
553,736
554,737
555,738
556,739
557,740
558,741
559,744
560,745
561,746
562,747
563,748
564,749
565,750
566,751
567,752
568,753
569,754
570,755
571,760
572,761
573,762
574,763
575,764
576,765
577,768
578,769
579,770
580,771
581,772
582,773
583,774
584,777
585,778
586,779
587,780
588,781
589,782
590,783
591,784
592,785
593,786
594,787
595,788
596,789
597,790
598,791
599,794
600,795
601,796
602,797
603,798
604,799
605,800
606,803
607,804
608,805
609,806
610,807
611,808
612,809
613,810
614,811
615,812
616,813
617,814
618,815
619,816
620,817
621,818
622,821
623,822
624,823
625,824
626,825
627,826
628,827
629,830
630,831
631,832
632,833
633,834
634,835
635,836
636,837
637,838
638,839
639,840
640,841
641,842
642,843
643,844
644,845
645,848
646,849
647,850
648,851
649,852
650,853
651,854
652,857
653,858
654,859
655,860
656,861
657,862
658,863
659,864
660,865
661,866
662,867
663,868
664,869
665,872
666,873
667,874
668,875
669,876
670,877
671,878
672,879
673,880
674,881
675,882
676,883
677,884
678,885
679,886
680,887
681,888
682,889
683,894
684,896
685,897
686,898
687,899
688,900
689,902
690,903
691,904
692,905
693,906
694,908
695,909
696,912
697,914
698,915
699,916
700,917
701,918
702,919
703,920
704,921
705,922
706,923
707,924
708,927
709,929
710,930
711,931
712,932
713,933
714,935
715,936
716,937
717,938
718,939
719,941
720,942
721,945
722,946
723,947
724,948
725,949
726,950
727,951
728,952
729,953
730,954
731,955
732,956
733,959
734,961
735,962
736,963
737,966
738,967
739,968
740,969
741,970
742,971
743,972
744,973
745,975
746,976
747,977
748,978
749,979
750,980
751,981
752,982
753,983
754,986
755,987
756,988
757,989
758,990
759,991
760,992
761,993
762,994
763,995
764,996
765,997
766,1002
767,1003
768,1004
769,1005
770,1006
771,1007
772,1010
773,1011
774,1012
775,1013
776,1014
777,1015
778,1016
779,1019
780,1020
781,1021
782,1022
783,1023
784,1024
785,1025
786,1026
787,1027
788,1028
789,1029
790,1030
791,1031
792,1032
793,1033
794,1034
795,1037
796,1038
797,1039
798,1040
799,1041
800,1042
801,1043
802,1046
803,1047
804,1048
805,1049
806,1050
807,1051
808,1052
809,1053
810,1054
811,1055
812,1056
813,1057
814,1058
815,1059
816,1060
817,1061
818,1064
819,1065
820,1066
821,1067
822,1068
823,1069
824,1070
825,1073
826,1074
827,1075
828,1076
829,1077
830,1078
831,1079
832,1080
833,1081
834,1082
835,1083
836,1084
837,1087
838,1088
839,1089
840,1090
841,1091
842,1092
843,1093
844,1094
845,1095
846,1096
847,1097
848,1098
849,1099
850,1100
851,1101
852,1102
853,1103
854,1104
855,1107
856,1108
857,1112
858,1115
859,1116
860,1117
861,1118
862,1119
863,1121
864,1122
<end>
</var/ftp/usrflash/Project/PMAC Script Language/PLC Programs/PLC28_VisionTrigger.plc>,28
0,7
1,8
2,9
3,11
4,12
5,14
6,15
7,16
8,17
9,18
<end>
</var/ftp/usrflash/Project/PMAC Script Language/PLC Programs/PLC30_Test.plc>,30
0,7
1,8
2,9
3,10
4,11
5,12
6,13
7,14
8,15
9,16
10,17
11,18
12,19
13,20
14,21
15,22
16,23
17,24
18,25
19,26
20,27
21,28
22,30
23,31
24,32
25,34
26,35
27,36
28,37
29,38
30,39
31,40
32,42
33,43
34,44
35,45
36,46
37,47
38,48
39,49
40,50
41,52
42,53
43,54
44,56
45,57
46,58
47,60
48,61
49,62
50,64
51,65
52,66
53,68
54,69
55,70
56,72
57,73
58,74
59,76
60,77
61,78
62,80
63,81
64,82
65,84
66,85
67,86
68,88
69,89
70,90
71,92
72,93
73,94
74,96
75,98
76,99
<end>
</var/ftp/usrflash/Project/PMAC Script Language/PLC Programs/PLC31_ReqSim.plc>,31
0,33
1,34
2,35
3,37
4,38
5,39
6,44
7,45
8,46
9,47
10,48
11,50
12,51
13,52
14,53
15,54
16,55
17,56
18,57
19,58
20,59
21,60
22,62
23,63
24,64
25,65
26,66
27,67
28,69
29,70
30,71
31,72
32,74
33,75
34,76
35,77
36,78
37,79
38,81
39,82
40,83
41,84
42,86
43,87
44,88
45,89
46,90
47,91
48,92
49,93
50,95
51,96
52,97
53,98
54,99
55,100
56,101
57,102
58,103
59,104
60,109
61,110
62,111
63,112
64,113
65,114
66,115
67,116
68,117
69,118
70,120
71,121
72,122
73,123
74,125
75,126
76,127
77,128
78,129
79,130
80,131
81,132
82,134
83,135
84,136
85,137
86,138
87,139
88,140
89,141
90,142
91,143
92,145
93,146
94,147
95,148
96,149
97,150
98,151
99,152
100,153
101,154
102,159
103,160
104,161
105,162
106,163
107,164
108,165
109,166
110,167
111,168
112,169
113,170
114,171
115,172
116,173
117,174
118,175
119,176
120,177
121,178
122,180
123,181
124,183
125,184
126,185
127,186
<end>
