</var/ftp/usrflash/Project/PMAC Script Language/Libraries/timer.pmc>,100000
0,6
1,7
2,8
3,8
4,12
5,13
6,14
7,14
8,15
<end>
</var/ftp/usrflash/Project/PMAC Script Language/Libraries/SPG_Gcode.pmc>,1000
0,11
1,12
2,13
3,13
4,19
5,20
6,21
7,21
8,27
9,28
10,29
11,29
12,35
13,36
14,37
15,37
16,43
17,44
18,46
19,47
20,48
21,49
22,50
23,51
24,52
25,53
26,54
27,55
28,56
29,57
30,59
31,60
32,60
33,66
34,67
35,67
36,73
37,74
38,74
39,80
40,81
41,81
42,87
43,88
44,88
45,94
46,95
47,96
48,96
49,102
50,103
51,104
52,104
53,110
54,111
55,112
56,112
57,118
58,119
59,120
60,120
61,121
<end>
</var/ftp/usrflash/Project/PMAC Script Language/Libraries/SPG_Mcode.pmc>,1001
0,8
1,10
2,11
3,12
4,13
5,14
6,15
7,16
8,17
9,18
10,19
11,21
12,22
13,23
14,24
15,27
16,28
17,29
18,30
19,31
20,31
21,38
22,40
23,41
24,42
25,43
26,44
27,45
28,46
29,47
30,48
31,49
32,51
33,52
34,53
35,54
36,57
37,58
38,59
39,60
40,61
41,62
42,62
43,68
44,69
45,70
46,71
47,72
48,73
49,74
50,75
51,76
52,76
53,83
54,84
55,85
56,86
57,87
58,88
59,89
60,90
61,91
62,91
63,98
64,99
65,100
66,101
67,103
68,104
69,105
70,106
71,108
72,109
73,110
74,111
75,113
76,114
77,115
78,116
79,118
80,119
81,120
82,121
83,123
84,124
85,125
86,126
87,128
88,129
89,130
90,131
91,133
92,134
93,135
94,136
95,138
96,139
97,141
98,142
99,145
100,146
101,149
102,150
103,153
104,154
105,157
106,158
107,159
108,160
109,161
110,162
111,162
112,168
113,169
114,170
115,171
116,172
117,173
118,175
119,176
120,177
121,178
122,178
123,184
124,185
125,186
126,187
127,189
128,190
129,192
130,193
131,194
132,195
133,196
134,197
135,198
136,200
137,202
138,205
139,206
140,208
141,209
142,210
143,210
144,216
145,217
146,218
147,221
148,223
149,224
150,225
151,226
152,227
153,227
154,234
155,236
156,237
157,238
158,240
159,241
160,242
161,243
162,244
163,245
164,246
165,247
166,249
167,250
168,251
169,252
170,253
171,254
172,255
173,256
174,258
175,259
176,261
177,262
178,263
179,264
180,265
181,266
182,267
183,268
184,269
185,270
186,271
187,272
188,273
189,273
190,280
191,282
192,283
193,284
194,285
195,286
196,287
197,288
198,289
199,290
200,291
201,293
202,294
203,295
204,296
205,297
206,298
207,298
208,304
209,305
210,306
211,307
212,308
213,309
214,309
215,315
216,316
217,317
218,318
219,319
220,320
221,321
222,322
223,323
224,324
225,325
226,326
227,327
228,328
229,329
230,330
231,331
232,332
233,332
234,338
235,339
236,340
237,341
238,342
239,343
240,344
241,345
242,345
243,351
244,352
245,353
246,354
247,355
248,356
249,357
250,358
251,358
252,364
253,365
254,366
255,367
256,368
257,368
258,374
259,375
260,376
261,377
262,378
263,378
264,384
265,385
266,386
267,387
268,388
269,388
270,394
271,395
272,396
273,397
274,398
275,398
276,404
277,405
278,406
279,407
280,408
281,409
282,410
283,412
284,413
285,414
286,415
287,416
288,417
289,417
290,419
<end>
</var/ftp/usrflash/Project/PMAC Script Language/Libraries/SPG_AbortVsHome.pmc>,100001
0,4
1,6
2,7
3,8
4,10
5,11
6,12
7,13
<end>
</var/ftp/usrflash/Project/PMAC Script Language/Libraries/SPG_AbortVsLoop.pmc>,100002
0,4
1,5
2,6
3,7
4,8
5,9
6,11
7,12
8,13
9,14
<end>
</var/ftp/usrflash/Project/PMAC Script Language/Libraries/SPG_AbortWsHome.pmc>,100003
0,4
1,6
2,7
3,8
4,9
5,11
6,12
7,13
8,14
<end>
</var/ftp/usrflash/Project/PMAC Script Language/Libraries/SPG_AbortWsLoop.pmc>,100004
0,4
1,5
2,6
3,7
4,8
5,9
6,11
7,12
8,13
9,14
<end>
</var/ftp/usrflash/Project/PMAC Script Language/Libraries/SPG_InitCommand.pmc>,100005
0,5
1,6
2,7
3,8
4,11
5,12
6,13
7,14
8,15
9,16
10,17
11,20
12,21
13,22
14,23
15,24
16,25
17,26
18,28
19,28
20,29
<end>
</var/ftp/usrflash/Project/PMAC Script Language/Libraries/SPG_InitECylinder.pmc>,100006
0,4
1,5
2,6
3,7
4,8
5,9
6,10
7,12
8,12
9,13
<end>
</var/ftp/usrflash/Project/PMAC Script Language/Libraries/SPG_InitMotor.pmc>,100007
0,7
1,8
2,10
3,11
4,12
5,13
6,14
7,15
8,16
9,17
10,18
11,19
12,20
13,21
14,24
15,25
16,26
17,27
18,28
19,29
20,30
21,31
22,32
23,33
24,34
25,35
26,38
27,39
28,40
29,41
30,42
31,43
32,44
33,45
34,46
35,47
36,48
37,50
38,53
39,54
40,55
41,56
42,57
43,58
44,59
45,60
46,61
47,62
48,63
49,64
50,67
51,68
52,69
53,70
54,71
55,72
56,73
57,74
58,75
59,76
60,77
61,78
62,81
63,82
64,83
65,84
66,85
67,86
68,87
69,88
70,89
71,90
72,91
73,93
74,96
75,97
76,98
77,99
78,100
79,101
80,102
81,103
82,104
83,105
84,106
85,107
86,110
87,111
88,112
89,113
<end>
</var/ftp/usrflash/Project/PMAC Script Language/Libraries/SPG_InitScanner.pmc>,100008
0,5
1,7
2,8
3,10
4,11
5,12
6,14
7,15
8,16
9,17
10,19
11,20
12,21
13,22
14,23
15,24
16,26
17,27
18,29
19,30
20,31
21,32
22,33
23,34
24,35
25,37
26,38
27,40
28,41
29,42
30,43
31,45
32,46
33,47
34,49
35,50
36,51
37,52
38,53
39,55
40,56
41,57
42,58
43,59
44,61
45,62
<end>
</var/ftp/usrflash/Project/PMAC Script Language/Libraries/SPG_InitSeqParam.pmc>,100009
0,5
1,6
2,7
3,8
4,11
5,12
6,13
7,13
8,14
<end>
</var/ftp/usrflash/Project/PMAC Script Language/Libraries/SPG_SetDefaultParam.pmc>,100010
0,4
1,5
2,6
3,7
4,8
5,9
6,10
7,12
8,13
9,14
10,15
11,16
12,17
13,18
14,20
15,21
16,22
17,23
18,25
19,26
20,27
21,28
22,29
23,31
24,32
25,33
26,34
27,35
28,37
29,38
30,39
31,41
32,42
33,43
34,44
35,45
36,46
37,47
38,48
39,50
40,51
41,52
42,54
43,55
44,56
45,58
46,59
47,60
48,62
49,63
50,64
51,66
52,67
53,68
54,70
55,71
56,72
57,74
58,75
59,76
60,78
61,79
62,80
63,82
64,83
65,84
66,86
67,87
68,88
69,90
70,91
71,92
72,94
73,95
74,96
75,98
76,99
77,100
78,102
79,103
80,104
81,106
82,107
83,108
84,110
85,111
86,112
87,114
88,115
89,116
90,118
91,119
92,120
93,122
94,123
95,124
96,126
97,127
98,128
99,130
100,131
101,132
102,134
103,135
104,136
105,138
106,139
107,140
108,142
109,143
110,144
111,146
112,147
113,148
114,148
115,149
<end>
</var/ftp/usrflash/Project/PMAC Script Language/Libraries/SPG_SetEquOut.pmc>,100011
0,4
1,5
2,6
3,7
4,8
5,10
6,10
7,11
<end>
</var/ftp/usrflash/Project/PMAC Script Language/Libraries/SPG_SetSeqBufQ.pmc>,100012
0,36
1,37
2,39
3,40
4,41
5,43
6,44
7,45
8,47
9,49
10,50
11,51
12,55
13,57
14,58
15,60
<end>
</var/ftp/usrflash/Project/PMAC Script Language/Libraries/SPG_SetVsLdParam.pmc>,100013
0,4
1,5
2,6
3,7
4,7
5,8
6,9
7,10
8,11
9,12
10,12
11,13
12,14
13,15
14,16
15,17
16,17
17,18
18,21
19,22
20,23
21,26
22,27
23,28
24,30
25,31
<end>
</var/ftp/usrflash/Project/PMAC Script Language/Libraries/SPG_SetVsRdParam.pmc>,100014
0,4
1,5
2,6
3,7
4,7
5,8
6,9
7,10
8,11
9,12
10,12
11,13
12,14
13,15
14,16
15,17
16,17
17,18
18,21
19,22
20,23
21,26
22,27
23,28
24,30
25,31
<end>
</var/ftp/usrflash/Project/PMAC Script Language/Libraries/SPG_SetVsRjParam.pmc>,100015
0,4
1,5
2,6
3,7
4,7
5,8
6,9
7,10
8,11
9,12
10,12
11,13
12,14
13,15
14,16
15,17
16,17
17,18
18,21
19,22
20,23
21,26
22,27
23,28
24,30
25,31
<end>
</var/ftp/usrflash/Project/PMAC Script Language/Libraries/SPG_SetVsUdParam.pmc>,100016
0,4
1,5
2,6
3,7
4,7
5,8
6,9
7,10
8,11
9,12
10,12
11,13
12,14
13,15
14,16
15,17
16,17
17,18
18,21
19,22
20,23
21,26
22,27
23,28
24,30
25,31
<end>
</var/ftp/usrflash/Project/PMAC Script Language/Libraries/SPG_SetVsVnParam.pmc>,100017
0,4
1,5
2,6
3,7
4,7
5,8
6,9
7,10
8,11
9,12
10,12
11,13
12,14
13,15
14,16
15,17
16,17
17,18
18,21
19,22
20,23
21,26
22,27
23,28
24,30
25,31
26,32
27,33
28,33
29,34
30,35
31,36
32,37
33,38
34,38
35,39
36,40
37,41
38,42
39,43
40,43
41,44
42,45
43,46
44,47
45,48
46,48
47,49
48,52
49,53
50,54
51,55
52,57
53,58
54,59
55,60
56,61
57,62
58,65
59,67
60,68
61,69
62,70
63,70
64,71
65,73
66,74
67,75
68,76
69,76
70,77
71,78
72,79
73,80
74,81
75,81
76,82
77,84
78,85
79,86
80,88
81,89
<end>
</var/ftp/usrflash/Project/PMAC Script Language/Libraries/SPG_SetVsWtParam.pmc>,100018
0,4
1,5
2,6
3,7
4,7
5,8
6,9
7,10
8,11
9,12
10,12
11,13
12,14
13,15
14,16
15,17
16,17
17,18
18,21
19,22
20,23
21,26
22,27
23,28
24,30
25,31
<end>
</var/ftp/usrflash/Project/PMAC Script Language/Libraries/SPG_SetWsLdParam.pmc>,100019
0,4
1,5
2,6
3,7
4,7
5,8
6,9
7,10
8,11
9,12
10,12
11,13
12,14
13,15
14,16
15,17
16,17
17,18
18,21
19,22
20,23
21,26
22,27
23,28
24,30
25,31
<end>
</var/ftp/usrflash/Project/PMAC Script Language/Libraries/SPG_SetWsRdParam.pmc>,100020
0,4
1,5
2,6
3,7
4,7
5,8
6,9
7,10
8,11
9,12
10,12
11,13
12,14
13,15
14,16
15,17
16,17
17,18
18,21
19,22
20,23
21,26
22,27
23,28
24,30
25,31
<end>
</var/ftp/usrflash/Project/PMAC Script Language/Libraries/SPG_SetWsRjParam.pmc>,100021
0,4
1,5
2,6
3,7
4,7
5,8
6,9
7,10
8,11
9,12
10,12
11,13
12,14
13,15
14,16
15,17
16,17
17,18
18,21
19,22
20,23
21,26
22,27
23,28
24,30
25,31
<end>
</var/ftp/usrflash/Project/PMAC Script Language/Libraries/SPG_SetWsUdParam.pmc>,100022
0,4
1,5
2,6
3,7
4,7
5,8
6,9
7,10
8,11
9,12
10,12
11,13
12,14
13,15
14,16
15,17
16,17
17,18
18,21
19,22
20,23
21,26
22,27
23,28
24,30
25,31
<end>
</var/ftp/usrflash/Project/PMAC Script Language/Libraries/SPG_SetWsWdParam.pmc>,100023
0,4
1,5
2,6
3,7
4,7
5,8
6,9
7,10
8,11
9,12
10,12
11,13
12,14
13,15
14,16
15,17
16,17
17,18
18,21
19,22
20,23
21,26
22,27
23,28
24,30
25,31
26,32
27,33
28,33
29,34
30,35
31,36
32,37
33,38
34,38
35,39
36,40
37,41
38,42
39,43
40,43
41,44
42,45
43,46
44,47
45,48
46,48
47,49
48,52
49,53
50,54
51,55
52,57
53,58
54,59
55,60
56,61
57,62
58,65
59,67
60,68
61,69
62,70
63,70
64,71
65,72
66,73
67,74
68,75
69,76
70,77
71,77
72,78
73,79
74,80
75,81
76,82
77,82
78,83
79,84
80,85
81,86
82,89
83,90
84,91
85,92
86,95
87,96
88,97
89,98
90,101
91,102
92,103
93,104
94,106
95,107
96,108
97,109
98,110
99,111
100,111
101,112
102,113
103,114
104,115
105,116
106,116
107,117
108,118
109,121
110,122
111,123
112,124
113,125
114,126
115,127
116,128
117,130
118,131
<end>
</var/ftp/usrflash/Project/PMAC Script Language/Libraries/SPG_SetWsWtParam.pmc>,100024
0,2
1,3
2,4
3,5
4,5
5,6
6,7
7,8
8,9
9,10
10,10
11,11
12,12
13,13
14,14
15,15
16,15
17,16
18,19
19,20
20,21
21,24
22,25
23,26
24,28
25,29
<end>
</var/ftp/usrflash/Project/PMAC Script Language/Libraries/SPG_ReadScPos.pmc>,100025
0,10
1,11
2,13
3,14
4,17
5,18
6,19
7,21
8,22
9,23
10,23
11,24
<end>
</var/ftp/usrflash/Project/PMAC Script Language/Libraries/SPG_ResetVsAlarm.pmc>,100026
0,5
1,6
2,7
3,8
4,10
5,11
6,12
7,15
8,16
9,17
10,18
11,19
12,20
13,22
14,23
15,24
16,25
17,26
18,27
19,28
20,33
21,34
22,35
23,36
24,37
25,39
26,40
27,42
28,43
29,44
<end>
</var/ftp/usrflash/Project/PMAC Script Language/Libraries/SPG_ResetWsAlarm.pmc>,100027
0,5
1,6
2,7
3,8
4,9
5,11
6,12
7,13
8,14
9,17
10,18
11,19
12,20
13,21
14,22
15,23
16,24
17,25
18,27
19,28
20,29
21,30
22,31
23,32
24,33
25,38
26,39
27,40
28,42
29,43
30,45
31,46
32,47
<end>
</var/ftp/usrflash/Project/PMAC Script Language/Libraries/SPG_ReadThPos.pmc>,100028
0,7
1,8
2,9
3,14
4,16
5,17
6,19
7,21
8,22
9,24
10,26
11,27
12,28
13,29
14,31
15,32
16,33
17,34
18,35
19,36
20,39
21,40
22,43
<end>
</var/ftp/usrflash/Project/PMAC Script Language/Libraries/SPG_ReadThPos.pmc>,100029
0,47
1,48
2,49
3,54
4,56
5,57
6,59
7,61
8,62
9,64
10,66
11,67
12,68
13,69
14,71
15,72
16,73
17,74
18,75
19,76
20,79
21,80
22,83
<end>
</var/ftp/usrflash/Project/PMAC Script Language/PLC Programs/PLC00_RTI.plc>,0
0,9
1,11
2,12
3,13
4,14
5,15
6,16
7,17
8,18
9,20
10,21
11,22
12,23
13,24
14,25
15,26
16,27
17,29
18,30
19,31
20,32
21,33
22,34
23,35
<end>
</var/ftp/usrflash/Project/PMAC Script Language/PLC Programs/PLC01_Init.plc>,1
0,9
1,10
2,11
3,12
4,13
5,16
6,17
7,18
8,19
9,20
10,23
11,24
12,25
13,26
14,29
15,30
16,31
17,32
18,35
19,36
20,39
21,40
22,41
23,44
24,45
25,46
26,47
<end>
</var/ftp/usrflash/Project/PMAC Script Language/PLC Programs/PLC02_Sta.plc>,2
0,10
1,12
2,13
3,15
4,17
5,18
6,22
7,25
8,26
9,27
10,28
11,29
12,30
13,31
14,32
15,33
16,34
17,35
18,36
19,37
20,38
21,39
22,40
23,42
24,43
25,44
26,46
27,47
28,48
29,50
30,51
31,53
32,54
33,55
34,56
35,59
36,60
37,61
38,62
39,63
40,64
41,65
42,66
43,67
44,68
45,69
46,70
47,71
48,72
49,73
50,76
51,77
52,78
53,80
54,81
55,83
56,84
57,85
58,89
59,90
60,91
61,93
62,94
63,95
64,99
65,100
66,101
67,102
68,103
69,106
70,107
71,108
72,109
73,110
74,111
75,112
76,113
77,114
78,115
79,116
80,117
81,118
82,119
83,120
84,122
85,123
86,124
87,125
88,126
89,129
90,130
91,131
92,138
93,139
94,160
95,161
96,164
97,165
98,166
99,167
100,170
101,171
102,174
103,175
104,176
105,178
106,179
107,180
108,182
109,183
110,184
111,186
112,187
113,188
114,190
115,191
116,192
117,194
118,195
119,196
120,199
121,200
122,201
123,202
124,206
125,207
126,208
127,209
128,210
129,213
130,214
131,215
132,216
133,217
134,218
135,219
136,220
137,221
138,222
139,223
140,224
141,225
142,226
143,227
144,229
145,230
146,231
147,232
148,233
149,236
150,237
151,238
152,245
153,246
154,267
155,268
156,271
157,274
158,275
159,276
160,278
161,279
162,280
163,282
164,283
165,284
166,286
167,287
168,288
169,290
170,291
171,292
172,294
173,295
174,296
175,300
176,301
177,302
178,303
179,304
180,305
181,310
182,311
183,312
184,314
185,315
186,316
187,317
188,318
189,319
190,321
191,322
192,323
193,324
194,327
195,328
196,329
197,330
198,331
199,332
200,333
201,334
202,335
203,336
204,337
205,338
206,340
<end>
</var/ftp/usrflash/Project/PMAC Script Language/PLC Programs/PLC03_Cmd.plc>,3
0,7
1,8
2,10
3,11
4,13
5,14
6,23
7,24
8,25
9,26
10,27
11,28
12,29
13,30
14,31
15,32
16,34
17,35
18,36
19,37
20,38
21,39
22,40
23,41
24,42
25,43
26,48
27,49
28,50
29,51
30,52
31,53
32,54
33,55
34,56
35,57
36,59
37,60
38,61
39,62
40,63
41,64
42,65
43,66
44,67
45,68
46,73
47,74
48,75
49,76
50,77
51,78
52,79
53,80
54,81
55,82
56,83
57,84
58,86
59,87
60,88
61,89
62,90
63,91
64,92
65,93
66,94
67,95
68,96
69,97
70,98
71,100
72,101
73,102
74,103
75,104
76,105
77,106
78,107
79,108
80,109
81,110
82,111
83,112
84,114
85,115
86,116
87,117
88,118
89,119
90,120
91,121
92,122
93,123
94,125
95,126
96,127
97,128
98,129
99,130
100,131
101,132
102,133
103,134
104,135
105,140
106,141
107,142
108,143
109,144
110,145
111,146
112,147
113,148
114,149
115,151
116,152
117,153
118,154
119,155
120,156
121,157
122,158
123,159
124,160
125,162
126,163
127,164
128,165
129,166
130,167
131,168
132,169
133,170
134,171
135,178
136,179
137,180
138,181
139,182
140,183
141,184
142,185
143,186
144,187
145,189
146,190
147,191
148,192
149,193
150,194
151,195
152,196
153,197
154,198
155,204
156,206
157,207
158,208
159,209
160,210
161,211
162,212
163,213
164,214
165,215
166,217
167,218
168,219
169,220
170,221
171,222
172,223
173,224
174,225
175,226
176,228
177,229
178,230
179,231
180,232
181,233
182,234
183,235
184,236
185,237
186,239
187,240
188,241
189,242
190,243
191,244
192,245
193,246
194,247
195,248
196,250
197,251
198,252
199,253
200,254
201,255
202,256
203,257
204,258
205,259
206,261
207,262
208,263
209,264
210,265
211,266
212,267
213,268
214,269
215,270
216,275
217,276
218,277
219,278
220,279
221,280
222,281
223,282
224,283
225,284
226,286
227,287
228,288
229,289
230,290
231,291
232,292
233,293
234,294
235,295
236,297
237,298
238,299
239,300
240,301
241,302
242,303
243,304
244,305
245,310
246,312
247,313
248,314
249,315
250,316
251,317
252,318
253,319
254,320
255,321
256,323
257,324
258,325
259,326
260,327
261,328
262,329
263,330
264,331
265,332
266,334
267,335
268,336
269,337
270,338
271,339
272,340
273,341
274,342
275,343
276,345
277,346
278,347
279,348
280,349
281,350
282,351
283,352
284,353
285,354
286,356
287,357
288,358
289,359
290,360
291,361
292,362
293,363
294,364
295,365
296,367
297,368
298,369
299,370
300,371
301,372
302,373
303,374
304,375
305,376
306,378
307,379
308,380
309,381
310,382
311,383
312,384
313,385
314,386
315,387
316,389
317,390
318,391
319,392
320,393
321,394
322,395
323,396
324,397
325,398
326,400
327,401
328,402
329,403
330,404
331,405
332,406
333,407
334,408
335,409
336,411
337,412
338,413
339,414
340,415
341,416
342,417
343,418
344,419
345,420
346,422
347,423
348,424
349,425
350,426
351,427
352,428
353,429
354,430
355,431
356,433
357,434
358,435
359,436
360,437
361,438
362,439
363,440
364,441
365,442
366,447
367,448
368,449
369,450
370,451
371,452
372,453
373,454
374,455
375,456
376,458
377,459
378,460
379,461
380,462
381,463
382,464
383,465
384,466
385,467
386,469
387,470
388,471
389,472
390,473
391,474
392,475
393,476
394,477
395,482
396,484
397,485
398,486
399,487
400,488
401,489
402,490
403,491
404,492
405,493
406,495
407,496
408,497
409,498
410,499
411,500
412,501
413,502
414,503
415,504
416,506
417,507
418,508
419,509
420,510
421,511
422,512
423,513
424,514
425,515
426,517
427,518
428,519
429,520
430,521
431,522
432,523
433,524
434,525
435,526
436,528
437,529
438,530
439,531
440,532
441,533
442,534
443,535
444,536
445,537
446,538
447,544
448,545
449,546
450,547
451,548
452,549
453,550
454,551
455,552
456,553
457,555
458,556
459,557
460,558
461,559
462,560
463,561
464,562
465,563
466,564
467,566
468,567
469,568
470,569
471,570
472,571
473,572
474,573
475,574
476,579
477,581
478,582
479,583
480,584
481,585
482,586
483,587
484,588
485,589
486,590
487,592
488,593
489,594
490,595
491,596
492,597
493,598
494,599
495,600
496,601
497,606
498,607
499,608
500,609
501,610
502,611
503,612
504,613
505,614
506,619
507,621
508,622
509,623
510,624
511,625
512,626
513,627
514,628
515,629
516,630
517,632
518,633
519,634
520,635
521,636
522,637
523,638
524,639
525,640
526,645
527,647
528,648
529,649
530,650
531,651
532,652
533,653
534,654
535,655
536,656
537,658
538,659
539,660
540,661
541,662
542,663
543,664
544,665
545,666
546,671
547,673
548,674
549,675
550,676
551,677
552,678
553,679
554,680
555,681
556,682
557,684
558,685
559,686
560,687
561,688
562,689
563,690
564,691
565,692
566,693
567,695
568,696
569,697
570,698
571,699
572,700
573,701
574,702
575,703
576,704
577,706
578,707
579,708
580,709
581,710
582,711
583,712
584,713
585,714
586,719
587,721
588,722
589,723
590,724
591,725
592,726
593,727
594,728
595,729
596,731
597,733
598,734
599,735
600,736
601,737
602,738
603,739
604,740
605,741
606,746
607,748
608,749
609,750
610,751
611,752
612,753
613,754
614,755
615,756
616,757
617,761
618,762
619,763
620,764
621,765
622,766
623,767
624,768
625,769
626,770
627,772
628,773
629,774
630,775
631,776
632,777
633,778
634,779
635,780
636,781
637,783
638,784
639,785
640,786
641,787
642,788
643,789
644,790
645,791
646,796
647,798
648,799
649,800
650,801
651,802
652,803
653,804
654,805
655,806
656,807
657,809
658,810
659,811
660,812
661,813
662,814
663,815
664,816
665,817
666,822
667,824
668,825
669,826
670,827
671,828
672,829
673,830
674,831
675,832
676,833
677,835
678,836
679,837
680,838
681,839
682,840
683,841
684,842
685,843
686,848
687,850
688,851
689,852
690,853
691,854
692,855
693,856
694,857
695,858
696,859
697,861
698,862
699,863
700,864
701,865
702,866
703,867
704,868
705,869
706,874
707,876
708,877
709,878
710,879
711,880
712,881
713,882
714,883
715,884
716,885
717,887
718,888
719,889
720,890
721,891
722,892
723,893
724,894
725,895
726,900
727,902
728,903
729,904
730,905
731,906
732,907
733,908
734,909
735,910
736,911
737,914
738,915
739,916
740,917
741,918
742,919
743,922
744,923
745,924
746,925
747,927
748,928
749,930
750,931
751,932
752,933
753,934
754,935
755,936
756,937
757,938
758,939
759,940
760,943
761,944
762,945
763,946
764,947
765,948
766,950
767,951
768,952
769,953
770,954
771,955
772,959
773,960
774,961
775,962
776,964
777,965
778,967
779,968
780,969
781,970
782,971
783,972
784,973
785,974
786,975
787,976
788,977
789,980
790,981
791,982
792,983
793,984
794,985
795,987
796,988
797,989
798,990
799,991
800,992
801,996
802,997
803,998
804,999
805,1001
806,1002
807,1004
808,1005
809,1006
810,1007
811,1009
812,1010
813,1011
814,1012
815,1013
816,1014
817,1017
818,1018
819,1019
820,1020
821,1021
822,1022
823,1027
824,1028
825,1029
<end>
</var/ftp/usrflash/Project/PMAC Script Language/PLC Programs/PLC04_Safety.plc>,4
0,14
1,15
2,16
3,17
4,18
5,19
6,20
7,21
8,22
9,23
10,25
11,26
12,27
13,28
14,29
15,30
16,32
17,33
18,34
19,35
20,36
21,37
22,38
23,39
24,40
25,42
26,43
27,57
28,58
29,59
30,65
31,66
32,69
33,70
34,71
35,75
36,76
37,77
38,80
39,81
40,82
41,83
42,84
43,85
44,86
45,87
46,89
47,90
48,91
49,92
50,93
51,94
52,96
53,97
54,98
55,99
56,101
57,102
58,103
59,104
60,105
61,106
62,107
63,108
64,109
65,110
66,111
67,112
68,113
69,114
70,115
71,116
72,117
73,118
74,121
75,122
76,123
77,124
78,125
79,126
80,127
81,128
82,129
83,130
84,137
85,138
86,139
87,140
88,147
89,148
90,149
91,150
92,151
93,152
94,154
95,155
96,156
97,157
98,158
99,159
100,163
101,164
102,165
103,166
104,167
105,168
106,169
107,170
108,171
109,172
110,173
111,174
112,175
113,176
114,177
115,178
116,179
117,180
118,181
119,182
120,183
121,184
122,185
123,186
124,187
125,188
126,189
127,190
128,191
129,192
130,193
131,194
132,195
133,196
134,197
135,198
136,199
137,200
138,201
139,204
140,205
141,206
142,207
143,208
144,209
145,210
146,211
147,212
148,213
149,214
150,215
151,216
152,217
153,218
154,219
155,220
156,221
157,222
158,223
159,224
160,225
161,226
162,227
163,228
164,229
165,230
166,231
167,232
168,237
169,238
170,239
171,240
172,241
173,242
174,244
175,245
176,246
177,247
178,248
179,250
180,251
181,252
182,253
183,254
184,255
185,257
186,258
187,259
188,261
189,262
190,263
191,264
192,266
193,267
194,268
195,269
196,270
197,271
198,272
199,273
200,274
201,275
202,276
203,277
204,278
205,279
206,280
207,281
208,282
209,283
210,284
211,285
212,286
213,287
214,288
215,291
216,292
217,294
218,295
219,296
220,297
221,298
222,299
223,300
224,301
225,302
226,303
227,304
228,305
229,306
230,307
231,308
232,309
233,310
234,311
235,312
236,314
237,315
238,316
239,318
240,319
241,320
242,321
243,322
244,323
245,324
246,325
247,326
248,327
249,328
250,330
251,331
252,332
253,333
254,335
255,336
256,337
257,338
258,339
259,340
260,341
261,342
262,343
263,344
264,345
265,350
266,351
267,352
268,353
269,356
270,357
271,358
272,359
273,364
274,365
275,366
276,367
277,368
278,369
279,370
280,371
281,372
282,373
283,374
284,375
285,376
286,377
287,378
288,379
289,380
290,381
291,382
292,383
293,389
<end>
</var/ftp/usrflash/Project/PMAC Script Language/PLC Programs/PLC05_Ecat.plc>,5
0,8
1,9
2,11
3,12
4,14
5,15
6,17
7,18
8,20
9,21
10,23
11,24
12,26
13,27
14,29
15,30
16,32
17,33
18,36
19,37
20,38
21,39
22,40
23,41
24,42
25,43
26,44
27,45
28,46
29,47
30,49
31,50
32,51
33,52
34,53
35,54
36,55
37,57
38,58
39,59
40,60
41,62
42,63
43,64
44,65
45,66
46,67
47,68
48,69
49,70
50,71
51,72
52,73
53,74
54,75
55,78
56,79
57,80
58,81
59,82
60,83
61,84
62,87
63,88
64,89
65,90
66,91
67,92
68,93
69,95
70,96
71,97
72,98
73,99
74,100
75,101
76,104
77,105
78,106
79,107
80,108
81,109
82,110
83,112
84,113
85,114
86,115
87,116
88,117
89,118
90,121
91,122
92,123
93,124
94,125
95,126
96,127
<end>
</var/ftp/usrflash/Project/PMAC Script Language/PLC Programs/PLC06_IoCom.plc>,6
0,7
1,8
2,9
3,10
4,11
5,12
6,13
7,14
8,15
9,16
10,17
11,18
12,19
13,20
14,21
15,22
16,23
17,24
18,26
19,27
20,28
21,29
22,30
23,31
24,32
25,33
26,34
27,35
28,36
29,37
30,38
31,39
32,40
33,41
34,43
35,44
36,45
37,46
38,47
39,48
40,49
41,50
42,51
43,52
44,53
45,54
46,55
47,56
48,57
49,58
50,59
51,63
52,65
53,66
54,67
55,68
56,69
57,70
58,71
59,72
60,73
61,74
62,75
63,76
64,77
65,78
66,79
67,98
68,99
69,100
70,101
71,102
72,103
73,104
74,105
75,106
76,107
77,108
78,109
79,110
80,111
81,112
82,113
83,115
84,116
85,117
86,118
87,119
88,120
89,121
90,122
91,123
92,124
93,125
94,126
95,127
96,128
97,129
98,130
99,131
100,132
<end>
</var/ftp/usrflash/Project/PMAC Script Language/PLC Programs/PLC10_Home.plc>,10
0,7
1,9
2,10
3,12
4,17
5,18
6,19
7,20
8,21
9,22
10,23
11,24
12,25
13,26
14,28
15,29
16,30
17,31
18,32
19,33
20,34
21,35
22,37
23,38
24,39
25,40
26,41
27,42
28,43
29,44
30,46
31,47
32,48
33,49
34,50
35,51
36,52
37,54
38,55
39,56
40,57
41,58
42,59
43,60
44,61
45,62
46,63
47,64
48,65
49,66
50,67
51,72
52,73
53,74
54,75
55,76
56,77
57,78
58,80
59,81
60,82
61,83
62,84
63,85
64,87
65,88
66,89
67,90
68,91
69,92
70,94
71,95
72,96
73,97
74,98
75,99
76,100
77,102
78,103
79,104
80,105
81,106
82,107
83,108
84,109
85,110
86,111
87,112
88,117
89,118
90,119
91,120
92,122
93,123
94,124
95,125
96,126
97,127
98,128
99,131
100,132
101,133
102,134
103,135
104,136
105,137
106,140
107,141
108,142
109,143
110,144
111,145
112,146
113,147
114,148
115,149
116,150
117,151
118,152
119,153
120,154
121,157
122,158
123,159
124,160
125,161
126,162
127,163
128,164
129,165
130,166
131,167
132,168
133,169
134,172
135,173
136,174
137,175
138,176
139,179
140,180
141,181
142,182
143,183
144,184
145,185
146,188
147,189
148,190
149,191
150,192
151,193
152,194
153,196
154,197
155,198
156,199
157,202
158,203
159,204
160,205
161,206
162,209
163,210
164,211
165,212
166,213
167,214
168,215
169,217
170,218
171,219
172,220
173,225
174,226
175,227
176,228
177,229
178,230
179,231
180,232
181,233
182,234
183,235
184,236
185,237
186,238
187,239
188,240
189,241
190,244
191,245
192,246
193,247
194,248
195,249
196,250
197,251
198,252
199,253
200,255
201,256
202,257
203,258
204,259
205,264
206,265
207,266
208,267
209,268
210,269
211,272
212,273
213,274
214,275
215,276
216,277
217,278
218,310
219,313
220,314
221,316
222,317
223,320
224,321
225,322
226,323
227,324
228,325
229,326
230,327
231,328
232,331
233,332
234,333
235,334
236,335
237,336
238,337
239,340
240,341
241,342
242,343
243,344
244,345
245,346
246,347
247,348
248,349
249,350
250,351
251,352
252,353
253,359
254,361
255,362
256,363
257,364
258,365
259,368
260,369
261,370
262,371
263,372
264,375
265,377
266,378
267,379
268,380
269,381
270,382
271,383
272,384
273,385
274,386
275,387
276,390
277,391
278,392
279,393
280,398
281,399
282,400
283,401
284,402
285,403
286,404
287,405
288,406
289,407
290,408
291,409
292,410
293,413
294,414
295,415
296,416
297,417
298,418
299,419
300,420
301,421
302,422
303,423
304,424
305,425
306,426
307,427
308,428
309,429
310,432
311,433
312,434
313,435
314,436
315,437
316,438
317,439
318,440
319,441
320,442
321,443
322,444
323,445
324,446
325,447
326,448
327,451
328,452
329,453
330,454
331,455
332,456
333,457
334,458
335,459
336,460
337,461
338,462
339,463
340,464
341,469
342,470
343,471
344,472
345,473
346,474
347,475
348,477
349,478
350,479
351,480
352,481
353,482
354,485
355,486
356,487
357,488
358,489
359,490
360,491
361,492
362,493
363,494
364,495
365,496
366,497
367,498
368,499
369,500
370,506
371,508
372,509
373,511
374,512
375,513
376,523
377,524
378,525
379,526
380,527
381,529
382,530
383,531
384,532
385,533
386,534
387,535
388,536
389,537
390,538
391,539
392,540
393,542
394,543
395,544
396,545
397,546
398,547
399,548
400,549
401,550
402,551
403,552
404,553
405,554
406,555
407,556
408,557
409,558
410,559
411,560
412,561
413,562
414,563
415,566
416,567
417,568
418,571
419,572
420,573
421,576
422,577
423,579
424,580
425,581
426,582
427,584
428,585
429,586
430,587
431,588
432,589
433,590
434,591
435,592
436,593
437,594
438,595
439,596
440,597
441,598
442,604
443,605
444,606
445,607
446,608
447,611
448,612
449,613
450,614
451,615
452,616
453,617
454,619
455,620
456,621
457,622
458,627
459,628
460,629
461,630
462,631
463,632
464,633
465,634
466,635
467,636
468,637
469,638
470,639
471,640
472,641
473,642
474,643
475,646
476,647
477,648
478,649
479,650
480,651
481,652
482,653
483,654
484,655
485,656
486,657
487,658
488,659
489,728
490,730
491,731
492,732
493,733
494,734
495,737
496,738
497,739
498,740
499,741
500,744
501,746
502,747
503,748
504,749
505,750
506,751
507,752
508,753
509,754
510,755
511,756
512,759
513,760
514,761
515,762
516,766
517,767
518,768
519,769
520,770
521,771
522,772
523,773
524,774
525,775
526,776
527,777
528,778
529,780
530,782
531,783
532,784
533,785
534,786
535,787
536,788
537,789
538,790
539,791
540,792
541,793
542,794
543,795
544,796
545,797
546,798
547,801
548,802
549,803
550,804
551,805
552,806
553,807
554,808
555,809
556,810
557,811
558,812
559,813
560,814
561,820
562,821
563,822
564,825
565,826
566,827
567,830
568,831
569,833
570,834
571,835
572,836
573,838
574,839
575,840
576,841
577,842
578,843
579,844
580,845
581,846
582,847
583,848
584,849
585,850
586,851
587,852
588,924
589,925
590,926
591,927
592,929
593,930
594,931
595,934
596,935
597,936
598,937
599,938
600,939
601,940
602,942
603,943
604,944
605,945
606,950
607,951
608,952
609,953
610,954
611,955
612,958
613,959
614,960
615,961
616,962
617,963
618,964
619,965
620,966
621,967
622,968
623,969
624,970
625,971
626,976
627,977
628,978
629,979
630,980
631,981
632,982
633,983
634,984
635,985
636,988
637,989
638,990
639,991
640,992
641,993
642,994
643,997
644,998
645,999
646,1000
647,1001
648,1002
649,1003
650,1004
651,1005
652,1006
653,1007
654,1008
655,1009
656,1010
657,1015
658,1016
659,1017
660,1018
661,1019
662,1022
663,1023
664,1024
665,1025
666,1026
667,1027
668,1028
669,1030
670,1031
671,1032
672,1033
673,1034
674,1035
675,1036
676,1037
677,1038
678,1039
679,1040
680,1041
681,1042
682,1045
683,1046
684,1047
685,1048
686,1049
687,1050
688,1052
689,1053
690,1054
691,1055
692,1056
693,1057
694,1058
695,1059
696,1060
697,1061
698,1062
699,1063
700,1064
701,1067
702,1068
703,1069
704,1070
705,1072
706,1073
707,1074
708,1075
709,1076
710,1077
711,1078
712,1079
713,1080
714,1081
715,1082
716,1083
717,1084
718,1085
719,1089
720,1090
721,1091
722,1092
723,1093
724,1094
725,1097
726,1098
727,1099
728,1100
729,1101
730,1102
731,1103
732,1106
733,1107
734,1108
735,1109
736,1110
737,1112
738,1113
739,1114
740,1115
741,1116
742,1117
743,1118
744,1119
745,1120
746,1121
747,1125
748,1126
749,1127
750,1128
751,1129
752,1130
753,1131
754,1134
755,1135
756,1136
757,1137
758,1138
759,1139
760,1140
761,1142
762,1143
763,1144
764,1145
765,1146
766,1147
767,1148
768,1149
769,1150
770,1151
771,1154
772,1155
773,1156
774,1157
775,1158
776,1159
777,1160
778,1161
779,1162
<end>
</var/ftp/usrflash/Project/PMAC Script Language/PLC Programs/PLC11_Jog.plc>,11
0,7
1,9
2,10
3,11
4,16
5,17
6,18
7,19
8,20
9,21
10,22
11,23
12,24
13,25
14,26
15,27
16,28
17,29
18,30
19,31
20,32
21,34
22,35
23,36
24,37
25,38
26,39
27,40
28,41
29,42
30,43
31,44
32,45
33,46
34,47
35,48
36,49
37,51
38,52
39,53
40,54
41,55
42,56
43,57
44,58
45,59
46,60
47,61
48,62
49,63
50,64
51,65
52,67
53,68
54,69
55,70
56,71
57,72
58,73
59,74
60,75
61,76
62,77
63,78
64,79
65,80
66,81
67,82
68,84
69,85
70,86
71,88
72,89
73,90
74,91
75,92
76,93
77,95
78,96
79,97
80,98
81,99
82,100
83,102
84,103
85,104
86,106
87,107
88,108
89,109
90,110
91,111
92,112
93,113
94,114
95,115
96,116
97,117
98,119
99,120
100,121
101,122
102,123
103,124
104,125
105,126
106,127
107,129
108,130
109,131
110,132
111,133
112,134
113,135
114,136
115,137
116,139
117,140
118,141
119,142
120,143
121,144
122,146
123,147
124,148
125,149
126,150
127,151
128,152
129,153
130,154
131,155
132,157
133,158
134,159
135,160
<end>
</var/ftp/usrflash/Project/PMAC Script Language/PLC Programs/PLC12_SeqMc.plc>,12
0,12
1,13
2,14
3,15
4,16
5,17
6,18
7,19
8,20
9,21
10,22
11,23
12,24
13,25
14,26
15,28
16,29
17,30
18,31
19,32
20,33
21,34
22,35
23,36
24,37
25,38
26,39
27,40
28,41
29,42
30,46
31,47
32,48
33,49
34,50
35,51
36,53
37,54
38,55
39,56
40,57
41,59
42,134
43,135
44,136
45,140
46,141
47,142
48,143
49,144
50,145
51,146
52,147
53,148
54,149
55,150
56,151
57,152
58,153
59,154
60,155
61,157
62,158
63,159
64,160
65,161
66,162
67,163
68,164
69,165
70,167
71,168
72,169
73,170
74,171
75,172
76,173
77,174
78,175
79,177
80,178
81,179
82,181
83,182
84,183
85,184
86,185
87,186
88,187
89,188
90,189
91,190
92,191
93,192
94,193
95,194
96,195
97,196
98,197
99,214
100,215
101,216
102,217
103,218
104,220
105,221
106,222
107,223
108,224
109,226
110,227
111,228
112,230
113,231
114,232
115,233
116,234
117,235
118,236
119,237
120,238
121,239
122,240
123,241
124,242
125,243
126,244
127,245
128,246
129,263
130,264
131,265
132,266
133,267
134,269
135,270
136,271
137,272
138,273
139,278
140,279
141,280
142,281
143,282
144,283
145,285
146,286
147,287
148,288
149,289
150,290
151,292
152,293
153,294
154,295
155,296
156,298
157,299
158,300
159,301
160,302
161,304
162,305
163,306
164,308
165,309
166,310
167,311
168,312
169,313
170,315
171,316
172,317
173,318
174,319
175,321
176,322
177,323
178,324
179,325
180,327
181,328
182,329
183,331
184,332
185,333
186,334
187,335
188,336
189,340
190,341
191,342
192,343
193,345
194,346
195,347
196,348
197,349
198,350
199,351
200,352
201,353
202,354
203,355
204,356
205,357
206,360
207,361
208,362
209,363
210,364
211,365
212,366
213,367
214,368
215,369
216,372
217,373
218,374
219,375
220,376
221,378
222,381
223,382
224,383
225,384
226,385
227,386
228,387
229,390
230,391
231,392
232,393
233,394
234,395
235,396
236,397
237,398
238,399
239,400
240,401
241,402
242,405
243,406
244,407
245,408
246,409
247,410
248,413
249,414
250,415
251,416
252,417
253,418
254,419
255,422
256,423
257,424
258,425
259,426
260,427
261,428
262,429
263,430
264,431
265,432
266,433
267,434
268,437
269,438
270,439
271,440
272,443
273,444
274,445
275,446
276,447
277,448
278,449
279,450
280,451
281,452
282,453
283,454
284,455
285,456
286,457
287,458
288,461
289,462
290,463
291,464
292,465
293,466
294,467
295,468
296,469
297,472
298,473
299,474
300,475
301,476
302,478
303,479
304,484
305,485
306,486
307,487
308,492
309,495
310,496
311,498
312,499
313,500
314,502
315,503
316,508
317,509
318,512
319,513
320,514
321,515
322,516
323,517
324,518
325,519
326,520
327,521
328,522
329,523
330,524
331,525
332,526
333,529
334,530
335,531
336,532
337,535
338,536
339,537
340,538
341,539
342,540
343,541
344,544
345,545
346,546
347,547
348,552
349,555
350,556
351,558
352,559
353,560
354,561
355,566
356,567
357,570
358,571
359,572
360,573
361,574
362,575
363,576
364,577
365,578
366,579
367,580
368,581
369,582
370,583
371,584
372,587
373,588
374,589
375,590
376,593
377,594
378,595
379,596
380,597
381,598
382,599
383,602
384,603
385,604
386,605
387,606
388,607
389,608
390,609
391,610
392,611
393,612
394,613
395,614
396,619
397,622
398,623
399,625
400,626
401,627
402,628
403,633
404,634
405,637
406,638
407,639
408,640
409,641
410,642
411,643
412,644
413,645
414,646
415,647
416,648
417,649
418,650
419,651
420,654
421,655
422,656
423,657
424,660
425,661
426,662
427,663
428,664
429,665
430,666
431,669
432,670
433,671
434,672
435,673
436,674
437,675
438,676
439,677
440,678
441,679
442,684
443,687
444,688
445,690
446,691
447,692
448,693
449,698
450,699
451,702
452,703
453,704
454,705
455,706
456,707
457,708
458,709
459,710
460,711
461,712
462,713
463,714
464,715
465,716
466,719
467,720
468,721
469,722
470,725
471,726
472,727
473,728
474,729
475,730
476,731
477,734
478,736
479,737
480,738
481,739
482,740
483,741
484,742
485,743
486,748
487,751
488,752
489,754
490,755
491,756
492,757
493,762
494,763
495,766
496,767
497,768
498,769
499,770
500,772
501,773
502,774
503,776
504,777
505,778
506,779
507,780
508,781
509,782
510,783
511,786
512,787
513,788
514,789
515,792
516,793
517,794
518,795
519,796
520,797
521,798
522,801
523,802
524,803
525,804
526,809
527,812
528,813
529,815
530,816
531,817
532,818
533,823
534,824
535,827
536,828
537,829
538,830
539,831
540,833
541,834
542,835
543,836
544,837
545,838
546,839
547,840
548,841
549,842
550,843
551,846
552,847
553,848
554,849
555,852
556,853
557,854
558,855
559,856
560,857
561,858
562,861
563,862
564,863
565,864
566,869
567,872
568,873
569,875
570,876
571,877
572,878
573,883
574,884
575,887
576,888
577,889
578,890
579,891
580,892
581,893
582,894
583,895
584,896
585,897
586,898
587,899
588,900
589,901
590,904
591,905
592,906
593,907
594,910
595,911
596,912
597,913
598,914
599,915
600,916
601,919
602,920
603,921
604,926
605,928
606,929
607,930
608,931
609,932
610,933
611,934
612,935
613,936
614,937
615,938
616,939
617,942
618,943
619,944
620,945
621,946
622,947
623,948
624,953
625,954
626,955
627,956
628,961
629,964
630,965
631,967
632,968
633,969
634,970
635,975
636,976
637,979
638,980
639,981
640,982
641,983
642,984
643,985
644,986
645,987
646,988
647,989
648,990
649,991
650,992
651,993
652,996
653,997
654,998
655,999
656,1002
657,1003
658,1004
659,1005
660,1006
661,1007
662,1008
663,1011
664,1012
665,1013
666,1014
667,1015
668,1016
669,1017
670,1018
671,1019
672,1020
673,1021
674,1022
675,1023
676,1024
677,1025
678,1026
679,1031
680,1034
681,1035
682,1037
683,1038
684,1039
685,1040
686,1041
687,1046
688,1047
689,1050
690,1051
691,1052
692,1053
693,1054
694,1055
695,1056
696,1057
697,1058
698,1059
699,1060
700,1061
701,1062
702,1063
703,1064
704,1067
705,1068
706,1069
707,1070
708,1073
709,1074
710,1075
711,1076
712,1077
713,1078
714,1079
715,1082
716,1083
717,1084
718,1085
719,1086
720,1091
721,1094
722,1095
723,1097
724,1098
725,1099
726,1100
727,1105
728,1106
729,1109
730,1110
731,1111
732,1112
733,1113
734,1114
735,1115
736,1116
737,1117
738,1118
739,1119
740,1120
741,1121
742,1122
743,1123
744,1126
745,1127
746,1128
747,1129
748,1132
749,1133
750,1134
751,1135
752,1136
753,1137
754,1138
755,1141
756,1144
757,1145
758,1146
759,1147
760,1148
761,1149
762,1150
763,1151
764,1152
765,1153
766,1154
767,1155
768,1156
769,1157
770,1158
771,1163
772,1166
773,1167
774,1169
775,1170
776,1171
777,1172
778,1177
779,1178
780,1181
781,1182
782,1183
783,1184
784,1185
785,1186
786,1187
787,1188
788,1189
789,1190
790,1191
791,1192
792,1193
793,1194
794,1195
795,1198
796,1199
797,1200
798,1201
799,1204
800,1205
801,1206
802,1207
803,1208
804,1209
805,1210
806,1213
807,1214
808,1215
809,1220
810,1223
811,1224
812,1226
813,1227
814,1228
815,1229
816,1234
817,1235
818,1238
819,1239
820,1240
821,1241
822,1242
823,1243
824,1244
825,1245
826,1246
827,1247
828,1248
829,1249
830,1250
831,1251
832,1252
833,1290
834,1291
835,1292
836,1293
837,1296
838,1297
839,1298
840,1299
841,1300
842,1301
843,1302
844,1325
845,1328
846,1329
847,1331
848,1332
849,1333
850,1334
851,1339
852,1340
853,1343
854,1344
855,1345
856,1346
857,1347
858,1349
859,1350
860,1351
861,1352
862,1353
863,1354
864,1355
865,1356
866,1357
867,1358
868,1359
869,1362
870,1363
871,1364
872,1365
873,1368
874,1369
875,1370
876,1371
877,1372
878,1373
879,1374
880,1377
881,1378
882,1379
883,1384
884,1387
885,1388
886,1390
887,1391
888,1392
889,1393
890,1398
891,1399
892,1402
893,1403
894,1404
895,1405
896,1406
897,1408
898,1409
899,1410
900,1411
901,1412
902,1413
903,1414
904,1415
905,1416
906,1417
907,1418
908,1421
909,1422
910,1423
911,1424
912,1427
913,1428
914,1429
915,1430
916,1431
917,1432
918,1433
919,1436
920,1437
921,1438
922,1443
923,1444
924,1445
925,1446
926,1447
927,1448
928,1449
929,1450
930,1451
931,1452
932,1453
933,1454
934,1455
935,1456
936,1459
937,1460
938,1461
939,1462
940,1463
941,1464
942,1465
943,1466
<end>
</var/ftp/usrflash/Project/PMAC Script Language/PLC Programs/PLC13_SeqWs.plc>,13
0,7
1,8
2,9
3,10
4,15
5,16
6,17
7,18
8,19
9,20
10,23
11,24
12,25
13,27
14,28
15,29
16,30
17,31
18,32
19,34
20,35
21,36
22,37
23,42
24,43
25,44
26,45
27,46
28,47
29,48
30,49
31,50
32,51
33,52
34,53
35,54
36,55
37,56
38,59
39,60
40,61
41,62
42,63
43,64
44,65
45,66
46,67
47,68
48,69
49,70
50,71
51,74
52,75
53,76
54,77
55,78
56,79
57,80
58,81
59,82
60,83
61,84
62,85
63,86
64,87
65,90
66,93
67,94
68,95
69,96
70,97
71,98
72,99
73,100
74,101
75,102
76,103
77,104
78,107
79,108
80,109
81,110
82,111
83,112
84,113
85,114
86,115
87,116
88,117
89,118
90,119
91,122
92,123
93,124
94,125
95,126
96,127
97,128
98,131
99,132
100,133
101,134
102,135
103,136
104,137
105,138
106,139
107,140
108,141
109,142
110,143
111,146
112,153
113,154
114,156
115,157
116,158
117,159
118,160
119,161
120,162
121,163
122,164
123,165
124,170
125,171
126,172
127,173
128,174
129,175
130,176
131,178
132,179
133,185
134,187
135,188
136,190
137,191
138,192
139,194
140,195
141,196
142,197
143,199
144,200
145,201
146,202
147,203
148,204
149,205
150,206
151,207
152,208
153,209
154,210
155,211
156,212
157,213
158,216
159,217
160,218
161,219
162,220
163,221
164,222
165,225
166,226
167,227
168,228
169,229
170,230
171,231
172,232
173,234
174,235
175,236
176,237
177,238
178,239
179,240
180,241
181,242
182,243
183,244
184,245
185,246
186,247
187,277
188,279
189,280
190,281
191,283
192,284
193,285
194,287
195,288
196,289
197,290
198,291
199,292
200,293
201,345
202,346
203,347
204,348
205,349
206,351
207,352
208,353
209,354
210,355
211,356
212,357
213,358
214,359
215,360
216,361
217,362
218,363
219,364
220,365
221,368
222,369
223,370
224,371
225,372
226,373
227,374
228,375
229,376
230,377
231,378
232,379
233,380
234,381
235,382
236,383
237,384
238,385
239,386
240,387
241,388
242,389
243,390
244,391
245,392
246,393
247,394
248,395
249,396
250,397
251,398
252,399
253,400
254,401
255,402
256,403
257,404
258,405
259,406
260,407
261,408
262,411
263,412
264,413
265,414
266,416
267,417
268,418
269,420
270,421
271,422
272,425
273,426
274,427
275,428
276,429
277,430
278,431
279,434
280,435
281,436
282,437
283,438
284,439
285,440
286,441
287,442
288,443
289,444
290,445
291,446
292,447
293,448
294,451
295,452
296,453
297,454
298,455
299,456
300,457
301,458
302,459
303,460
304,461
305,462
306,463
307,464
308,465
309,466
310,467
311,468
312,469
313,472
314,473
315,474
316,476
317,477
318,478
319,479
320,481
321,482
322,483
323,484
324,485
325,486
326,487
327,488
328,489
329,490
330,495
331,497
332,498
333,499
334,501
335,502
336,503
337,505
338,506
339,507
340,508
341,509
342,510
343,511
344,513
345,516
346,518
347,519
348,520
349,521
350,522
351,523
352,524
353,525
354,530
355,532
356,533
357,534
358,554
359,555
360,556
361,557
362,558
363,560
364,561
365,562
366,565
367,566
368,567
369,568
370,569
371,570
372,571
373,576
374,577
375,578
376,579
377,580
378,582
379,585
380,586
381,587
382,589
383,590
384,591
385,592
386,593
387,594
388,596
389,597
390,598
391,599
392,604
393,605
394,607
395,608
396,609
397,610
398,611
399,612
400,613
401,614
402,615
403,616
404,617
405,618
406,619
407,622
408,623
409,624
410,625
411,626
412,627
413,628
414,629
415,630
416,631
417,632
418,633
419,634
420,637
421,638
422,639
423,640
424,641
425,642
426,643
427,644
428,645
429,646
430,647
431,648
432,649
433,650
434,653
435,655
436,656
437,657
438,658
439,659
440,660
441,661
442,662
443,663
444,664
445,665
446,666
447,669
448,670
449,671
450,672
451,673
452,674
453,675
454,676
455,677
456,678
457,679
458,680
459,681
460,684
461,685
462,686
463,687
464,688
465,689
466,690
467,693
468,694
469,695
470,696
471,697
472,698
473,699
474,700
475,701
476,702
477,703
478,704
479,705
480,708
481,715
482,716
483,717
484,718
485,719
486,720
487,721
488,722
489,723
490,724
491,725
492,726
493,727
494,732
495,734
496,735
497,736
498,738
499,739
500,740
501,742
502,743
503,744
504,745
505,746
506,747
507,748
508,750
509,753
510,755
511,756
512,757
513,758
514,759
515,760
516,761
517,762
518,799
519,800
520,801
521,802
522,803
523,804
524,805
525,807
526,808
527,814
528,816
529,817
530,819
531,820
532,821
533,823
534,824
535,825
536,826
537,828
538,829
539,830
540,831
541,832
542,833
543,834
544,835
545,836
546,837
547,838
548,841
549,842
550,843
551,844
552,845
553,846
554,847
555,850
556,852
557,853
558,854
559,855
560,856
561,857
562,858
563,860
564,861
565,862
566,863
567,864
568,865
569,866
570,867
571,868
572,869
573,870
574,871
575,872
576,873
577,926
578,927
579,928
580,929
581,930
582,931
583,932
584,933
585,934
586,935
587,936
588,937
589,938
590,939
591,947
592,950
593,951
594,952
595,953
596,954
597,955
598,956
599,959
600,960
601,961
602,962
603,963
604,964
605,965
606,966
607,967
608,968
609,969
610,970
611,971
612,972
613,973
614,974
615,975
616,976
617,977
618,978
619,979
620,980
621,981
622,982
623,983
624,984
625,986
626,987
627,988
628,989
629,990
630,991
631,992
632,993
633,994
634,995
635,996
636,997
637,998
638,999
639,1000
640,1001
641,1002
642,1003
643,1004
644,1005
645,1006
646,1007
647,1008
648,1009
649,1015
650,1017
651,1019
652,1020
653,1056
654,1057
655,1058
656,1059
657,1060
658,1061
659,1064
660,1065
661,1066
662,1067
663,1068
664,1069
665,1070
666,1075
667,1076
668,1077
669,1078
670,1079
671,1082
672,1083
673,1084
674,1085
675,1086
676,1088
677,1089
678,1090
679,1091
680,1092
681,1094
682,1095
683,1096
684,1097
685,1098
686,1099
687,1101
688,1102
689,1103
690,1104
691,1109
692,1110
693,1112
694,1113
695,1114
696,1115
697,1116
698,1117
699,1118
700,1119
701,1120
702,1121
703,1122
704,1123
705,1124
706,1125
707,1128
708,1129
709,1130
710,1131
711,1132
712,1133
713,1134
714,1135
715,1136
716,1137
717,1138
718,1139
719,1140
720,1141
721,1144
722,1145
723,1146
724,1147
725,1148
726,1149
727,1150
728,1151
729,1152
730,1153
731,1154
732,1155
733,1156
734,1157
735,1158
736,1161
737,1163
738,1164
739,1165
740,1166
741,1167
742,1168
743,1169
744,1170
745,1171
746,1172
747,1173
748,1174
749,1177
750,1178
751,1179
752,1180
753,1181
754,1182
755,1183
756,1184
757,1185
758,1186
759,1187
760,1188
761,1189
762,1192
763,1193
764,1194
765,1195
766,1196
767,1197
768,1198
769,1201
770,1202
771,1203
772,1204
773,1205
774,1206
775,1207
776,1208
777,1209
778,1210
779,1211
780,1212
781,1213
782,1216
783,1223
784,1224
785,1225
786,1226
787,1227
788,1228
789,1229
790,1230
791,1231
792,1232
793,1233
794,1234
795,1235
796,1240
797,1242
798,1243
799,1244
800,1246
801,1247
802,1248
803,1250
804,1251
805,1252
806,1253
807,1254
808,1255
809,1256
810,1258
811,1261
812,1263
813,1264
814,1265
815,1266
816,1267
817,1268
818,1269
819,1270
820,1275
821,1277
822,1278
823,1279
824,1282
825,1283
826,1284
827,1285
828,1286
829,1287
830,1288
831,1289
832,1290
833,1291
834,1292
835,1293
836,1294
837,1299
838,1300
839,1301
840,1302
841,1303
842,1304
843,1305
844,1307
845,1308
846,1314
847,1316
848,1317
849,1319
850,1320
851,1321
852,1323
853,1324
854,1325
855,1326
856,1328
857,1329
858,1330
859,1331
860,1332
861,1333
862,1334
863,1335
864,1336
865,1337
866,1338
867,1339
868,1342
869,1343
870,1344
871,1345
872,1346
873,1347
874,1348
875,1369
876,1370
877,1371
878,1372
879,1373
880,1374
881,1375
882,1376
883,1377
884,1378
885,1379
886,1380
887,1381
888,1382
889,1383
890,1384
891,1385
892,1386
893,1387
894,1390
895,1391
896,1392
897,1393
898,1394
899,1395
900,1396
901,1399
902,1400
903,1401
904,1402
905,1403
906,1404
907,1405
908,1406
909,1407
910,1408
911,1409
912,1410
913,1411
914,1412
915,1413
916,1414
917,1415
918,1416
919,1417
920,1418
921,1419
922,1420
923,1421
924,1422
925,1425
926,1427
927,1428
928,1429
929,1430
930,1431
931,1432
932,1433
933,1435
934,1436
935,1437
936,1438
937,1439
938,1440
939,1441
940,1442
941,1443
942,1444
943,1445
944,1446
945,1447
946,1448
947,1453
948,1454
949,1455
950,1457
951,1458
952,1459
953,1460
954,1461
955,1462
956,1463
957,1464
958,1465
959,1466
960,1467
961,1470
962,1471
963,1472
964,1473
965,1474
966,1475
967,1476
968,1479
969,1480
970,1482
971,1483
972,1484
973,1485
974,1486
975,1487
976,1488
977,1489
978,1490
979,1491
980,1492
981,1493
982,1494
983,1495
984,1496
985,1497
986,1498
987,1499
988,1500
989,1501
990,1502
991,1503
992,1504
993,1505
994,1506
995,1507
996,1508
997,1509
998,1510
999,1511
1000,1512
1001,1513
1002,1514
1003,1515
1004,1516
1005,1517
1006,1518
1007,1524
1008,1525
1009,1526
1010,1527
1011,1528
1012,1531
1013,1532
1014,1533
1015,1534
1016,1535
1017,1536
1018,1539
1019,1540
1020,1541
1021,1542
1022,1543
1023,1544
1024,1547
1025,1548
1026,1549
1027,1550
1028,1551
1029,1552
1030,1553
1031,1556
1032,1557
1033,1558
1034,1559
1035,1560
1036,1561
1037,1562
1038,1563
1039,1564
1040,1565
1041,1566
1042,1567
1043,1568
1044,1573
1045,1574
1046,1575
1047,1576
1048,1577
1049,1578
1050,1579
1051,1580
1052,1581
1053,1582
1054,1583
1055,1584
1056,1585
1057,1588
1058,1589
1059,1590
1060,1591
1061,1592
1062,1593
1063,1594
1064,1597
1065,1598
1066,1599
1067,1600
1068,1601
1069,1602
1070,1603
1071,1604
1072,1605
1073,1606
1074,1607
1075,1608
1076,1609
1077,1610
1078,1613
1079,1614
1080,1615
1081,1616
1082,1617
1083,1618
1084,1619
1085,1620
1086,1621
1087,1622
1088,1623
1089,1626
1090,1627
1091,1628
1092,1629
1093,1630
1094,1631
1095,1632
1096,1635
1097,1636
1098,1637
1099,1638
1100,1639
1101,1640
1102,1641
1103,1642
1104,1643
1105,1644
1106,1645
1107,1646
1108,1647
1109,1652
1110,1653
1111,1654
1112,1655
1113,1656
1114,1658
1115,1659
1116,1662
1117,1663
1118,1664
1119,1665
1120,1666
1121,1667
1122,1668
1123,1669
1124,1670
1125,1672
1126,1677
1127,1678
1128,1679
1129,1680
1130,1681
1131,1684
1132,1685
1133,1686
1134,1688
1135,1689
1136,1690
1137,1691
1138,1692
1139,1693
1140,1695
1141,1696
1142,1697
1143,1698
1144,1703
1145,1704
1146,1706
1147,1707
1148,1708
1149,1709
1150,1710
1151,1711
1152,1712
1153,1713
1154,1714
1155,1715
1156,1716
1157,1717
1158,1718
1159,1721
1160,1722
1161,1723
1162,1724
1163,1725
1164,1726
1165,1727
1166,1728
1167,1729
1168,1730
1169,1731
1170,1732
1171,1733
1172,1736
1173,1737
1174,1738
1175,1739
1176,1740
1177,1741
1178,1742
1179,1743
1180,1744
1181,1745
1182,1746
1183,1747
1184,1748
1185,1749
1186,1752
1187,1754
1188,1755
1189,1756
1190,1757
1191,1758
1192,1759
1193,1760
1194,1761
1195,1762
1196,1763
1197,1764
1198,1765
1199,1768
1200,1769
1201,1770
1202,1771
1203,1772
1204,1773
1205,1774
1206,1775
1207,1776
1208,1777
1209,1778
1210,1779
1211,1780
1212,1783
1213,1784
1214,1785
1215,1786
1216,1787
1217,1788
1218,1789
1219,1792
1220,1793
1221,1794
1222,1795
1223,1796
1224,1797
1225,1798
1226,1799
1227,1800
1228,1801
1229,1802
1230,1803
1231,1804
1232,1807
1233,1808
1234,1809
1235,1815
1236,1816
1237,1817
1238,1818
1239,1821
1240,1823
1241,1824
1242,1825
1243,1828
1244,1829
1245,1830
1246,1831
1247,1832
1248,1833
1249,1834
1250,1835
1251,1836
1252,1837
1253,1838
1254,1839
1255,1840
1256,1845
1257,1846
1258,1847
1259,1848
1260,1849
1261,1850
1262,1851
1263,1853
1264,1854
1265,1861
1266,1863
1267,1864
1268,1866
1269,1867
1270,1868
1271,1870
1272,1871
1273,1872
1274,1873
1275,1875
1276,1876
1277,1877
1278,1878
1279,1879
1280,1880
1281,1881
1282,1882
1283,1883
1284,1884
1285,1885
1286,1888
1287,1889
1288,1890
1289,1891
1290,1892
1291,1893
1292,1894
1293,1897
1294,1900
1295,1901
1296,1902
1297,1903
1298,1904
1299,1905
1300,1906
1301,1908
1302,1909
1303,1910
1304,1911
1305,1912
1306,1913
1307,1914
1308,1915
1309,1916
1310,1917
1311,1918
1312,1919
1313,1920
1314,1921
1315,1926
1316,1927
1317,1928
1318,1929
1319,1930
1320,1931
1321,1934
1322,1935
1323,1936
1324,1937
1325,1938
1326,1939
1327,1940
1328,1945
1329,1946
1330,1947
1331,1948
1332,1949
1333,1951
1334,1952
1335,1954
1336,1955
1337,1956
1338,1957
1339,1959
1340,1960
1341,1961
1342,1962
1343,1963
1344,1964
1345,1966
1346,1967
1347,1968
1348,1969
1349,1974
1350,1975
1351,1977
1352,1978
1353,1979
1354,1980
1355,1981
1356,1982
1357,1983
1358,1984
1359,1985
1360,1986
1361,1987
1362,1988
1363,1989
1364,1992
1365,1993
1366,1994
1367,1995
1368,1996
1369,1997
1370,1998
1371,1999
1372,2000
1373,2001
1374,2002
1375,2003
1376,2004
1377,2007
1378,2008
1379,2009
1380,2010
1381,2011
1382,2012
1383,2013
1384,2014
1385,2015
1386,2016
1387,2017
1388,2018
1389,2019
1390,2020
1391,2023
1392,2025
1393,2026
1394,2027
1395,2028
1396,2029
1397,2030
1398,2031
1399,2032
1400,2033
1401,2034
1402,2035
1403,2036
1404,2039
1405,2040
1406,2041
1407,2042
1408,2043
1409,2044
1410,2045
1411,2046
1412,2047
1413,2048
1414,2049
1415,2050
1416,2051
1417,2054
1418,2055
1419,2056
1420,2057
1421,2058
1422,2059
1423,2060
1424,2063
1425,2064
1426,2065
1427,2067
1428,2068
1429,2070
1430,2071
1431,2072
1432,2073
1433,2074
1434,2075
1435,2076
1436,2077
1437,2078
1438,2079
1439,2082
1440,2089
1441,2090
1442,2091
1443,2092
1444,2093
1445,2094
1446,2095
1447,2096
1448,2097
1449,2098
1450,2099
1451,2100
1452,2101
1453,2106
1454,2108
1455,2109
1456,2110
1457,2112
1458,2113
1459,2114
1460,2165
1461,2167
1462,2168
1463,2169
1464,2170
1465,2171
1466,2172
1467,2173
1468,2174
1469,2175
1470,2176
1471,2177
1472,2178
1473,2181
1474,2182
1475,2183
1476,2184
1477,2185
1478,2186
1479,2187
1480,2190
1481,2191
1482,2192
1483,2193
1484,2194
1485,2195
1486,2196
1487,2197
1488,2198
1489,2199
1490,2200
1491,2201
1492,2202
1493,2207
1494,2208
1495,2209
1496,2210
1497,2211
1498,2212
1499,2213
1500,2215
1501,2216
1502,2223
1503,2225
1504,2226
1505,2228
1506,2229
1507,2230
1508,2232
1509,2233
1510,2234
1511,2235
1512,2237
1513,2238
1514,2239
1515,2240
1516,2241
1517,2242
1518,2243
1519,2244
1520,2245
1521,2246
1522,2247
1523,2250
1524,2251
1525,2252
1526,2253
1527,2254
1528,2255
1529,2256
1530,2259
1531,2261
1532,2262
1533,2263
1534,2264
1535,2265
1536,2266
1537,2267
1538,2269
1539,2270
1540,2271
1541,2272
1542,2273
1543,2274
1544,2275
1545,2276
1546,2277
1547,2278
1548,2279
1549,2280
1550,2281
1551,2282
1552,2330
1553,2332
1554,2333
1555,2334
1556,2336
1557,2337
1558,2338
1559,2340
1560,2341
1561,2342
1562,2343
1563,2344
1564,2345
1565,2346
1566,2348
1567,2351
1568,2353
1569,2354
1570,2355
1571,2356
1572,2357
1573,2358
1574,2359
1575,2360
1576,2365
1577,2366
1578,2367
1579,2369
1580,2370
1581,2371
1582,2374
1583,2375
1584,2376
1585,2377
1586,2378
1587,2379
1588,2380
1589,2383
1590,2384
1591,2385
1592,2386
1593,2387
1594,2388
1595,2389
1596,2390
1597,2391
1598,2392
1599,2393
1600,2394
1601,2395
1602,2396
1603,2399
1604,2400
1605,2401
1606,2402
1607,2403
1608,2404
1609,2405
1610,2406
1611,2407
1612,2410
1613,2411
1614,2412
1615,2413
1616,2414
1617,2415
1618,2416
1619,2419
1620,2420
1621,2421
1622,2422
1623,2423
1624,2424
1625,2425
1626,2426
1627,2427
1628,2428
1629,2429
1630,2430
1631,2431
1632,2432
1633,2435
1634,2436
1635,2437
1636,2438
1637,2439
1638,2440
1639,2445
1640,2446
1641,2447
1642,2448
1643,2449
1644,2450
1645,2453
1646,2454
1647,2455
1648,2456
1649,2457
1650,2458
1651,2459
1652,2462
1653,2463
1654,2464
1655,2465
1656,2468
1657,2469
1658,2471
1659,2472
1660,2473
1661,2474
1662,2475
1663,2476
1664,2477
1665,2478
1666,2479
1667,2480
1668,2481
1669,2484
1670,2485
1671,2486
1672,2487
1673,2488
1674,2489
1675,2490
1676,2491
1677,2492
1678,2495
1679,2496
1680,2497
1681,2498
1682,2499
1683,2500
1684,2501
1685,2504
1686,2505
1687,2506
1688,2507
1689,2508
1690,2509
1691,2510
1692,2511
1693,2512
1694,2513
1695,2514
1696,2515
1697,2516
1698,2517
1699,2520
1700,2521
1701,2522
1702,2523
1703,2524
1704,2525
1705,2526
1706,2528
1707,2529
1708,2530
1709,2531
1710,2532
1711,2533
1712,2534
1713,2535
1714,2536
1715,2537
1716,2538
1717,2543
1718,2544
1719,2545
1720,2546
1721,2547
1722,2548
1723,2551
1724,2552
1725,2553
1726,2554
1727,2555
1728,2556
1729,2557
1730,2562
1731,2563
1732,2564
1733,2565
1734,2566
1735,2569
1736,2570
1737,2571
1738,2573
1739,2574
1740,2575
1741,2576
1742,2577
1743,2578
1744,2580
1745,2581
1746,2582
1747,2583
1748,2588
1749,2589
1750,2591
1751,2592
1752,2593
1753,2594
1754,2595
1755,2596
1756,2597
1757,2598
1758,2599
1759,2600
1760,2601
1761,2602
1762,2603
1763,2606
1764,2607
1765,2608
1766,2609
1767,2610
1768,2611
1769,2612
1770,2613
1771,2614
1772,2615
1773,2616
1774,2617
1775,2618
1776,2621
1777,2622
1778,2623
1779,2624
1780,2625
1781,2626
1782,2627
1783,2628
1784,2629
1785,2630
1786,2631
1787,2632
1788,2633
1789,2634
1790,2637
1791,2639
1792,2640
1793,2641
1794,2642
1795,2643
1796,2644
1797,2645
1798,2646
1799,2647
1800,2648
1801,2649
1802,2650
1803,2653
1804,2654
1805,2655
1806,2656
1807,2657
1808,2658
1809,2659
1810,2660
1811,2661
1812,2662
1813,2663
1814,2664
1815,2665
1816,2668
1817,2669
1818,2670
1819,2671
1820,2672
1821,2673
1822,2674
1823,2677
1824,2678
1825,2679
1826,2680
1827,2681
1828,2682
1829,2683
1830,2684
1831,2685
1832,2686
1833,2687
1834,2688
1835,2689
1836,2692
1837,2699
1838,2700
1839,2701
1840,2702
1841,2703
1842,2704
1843,2705
1844,2706
1845,2707
1846,2708
1847,2709
1848,2710
1849,2711
1850,2716
1851,2718
1852,2719
1853,2720
1854,2722
1855,2723
1856,2724
1857,2726
1858,2727
1859,2728
1860,2729
1861,2730
1862,2731
1863,2732
1864,2734
1865,2737
1866,2739
1867,2740
1868,2741
1869,2742
1870,2743
1871,2744
1872,2745
1873,2746
1874,2775
1875,2776
1876,2777
1877,2778
1878,2779
1879,2780
1880,2781
1881,2783
1882,2784
1883,2790
1884,2792
1885,2793
1886,2796
1887,2797
1888,2798
1889,2800
1890,2801
1891,2802
1892,2803
1893,2805
1894,2806
1895,2807
1896,2808
1897,2809
1898,2810
1899,2811
1900,2812
1901,2813
1902,2814
1903,2815
1904,2816
1905,2817
1906,2818
1907,2819
1908,2822
1909,2823
1910,2824
1911,2825
1912,2826
1913,2827
1914,2828
1915,2831
1916,2833
1917,2834
1918,2835
1919,2836
1920,2837
1921,2838
1922,2839
1923,2841
1924,2842
1925,2843
1926,2844
1927,2845
1928,2846
1929,2847
1930,2848
1931,2849
1932,2850
1933,2851
1934,2852
1935,2853
1936,2854
1937,2917
1938,2919
1939,2920
1940,2921
1941,2923
1942,2924
1943,2925
1944,2927
1945,2928
1946,2929
1947,2930
1948,2931
1949,2932
1950,2933
1951,2935
1952,2938
1953,2940
1954,2941
1955,2942
1956,2943
1957,2944
1958,2945
1959,2946
1960,2947
1961,2952
1962,2953
1963,2954
1964,2955
1965,2956
1966,2957
1967,2958
1968,2959
1969,2960
1970,2961
1971,2962
1972,2963
1973,2964
1974,2965
1975,2966
1976,2967
1977,2968
1978,2969
1979,2970
1980,2971
1981,2972
1982,2975
1983,2976
1984,2977
1985,2979
1986,2980
1987,2981
1988,2982
1989,2983
1990,2984
1991,2985
1992,2986
1993,2987
1994,2988
1995,2989
1996,2990
1997,2993
1998,2994
1999,2995
2000,2996
2001,2997
2002,2998
2003,2999
2004,3000
2005,3001
2006,3002
2007,3003
2008,3004
2009,3005
2010,3006
2011,3007
2012,3008
2013,3009
2014,3010
2015,3011
2016,3016
2017,3017
2018,3018
2019,3019
2020,3020
2021,3021
2022,3024
2023,3025
2024,3026
2025,3027
2026,3028
2027,3029
2028,3030
2029,3031
<end>
</var/ftp/usrflash/Project/PMAC Script Language/PLC Programs/PLC14_SeqVs.plc>,14
0,7
1,8
2,13
3,14
4,15
5,16
6,17
7,20
8,21
9,22
10,24
11,25
12,26
13,27
14,28
15,29
16,31
17,32
18,33
19,34
20,39
21,40
22,42
23,43
24,44
25,45
26,46
27,47
28,48
29,49
30,50
31,51
32,52
33,53
34,54
35,57
36,58
37,59
38,60
39,61
40,62
41,63
42,64
43,65
44,66
45,67
46,68
47,69
48,72
49,73
50,74
51,75
52,76
53,77
54,78
55,79
56,80
57,81
58,82
59,83
60,84
61,85
62,88
63,90
64,91
65,92
66,93
67,94
68,95
69,96
70,97
71,98
72,99
73,100
74,101
75,104
76,111
77,112
78,114
79,115
80,116
81,117
82,120
83,121
84,122
85,123
86,124
87,125
88,130
89,131
90,132
91,133
92,134
93,135
94,138
95,139
96,140
97,141
98,142
99,143
100,144
101,147
102,148
103,149
104,150
105,151
106,152
107,153
108,154
109,155
110,156
111,157
112,158
113,159
114,164
115,165
116,166
117,167
118,168
119,169
120,170
121,172
122,173
123,175
124,177
125,178
126,184
127,185
128,186
129,188
130,189
131,190
132,191
133,193
134,194
135,195
136,196
137,197
138,198
139,199
140,200
141,201
142,202
143,203
144,206
145,207
146,208
147,209
148,210
149,211
150,212
151,215
152,217
153,218
154,219
155,220
156,221
157,222
158,223
159,225
160,226
161,227
162,228
163,229
164,230
165,231
166,232
167,233
168,234
169,235
170,236
171,237
172,238
173,301
174,302
175,303
176,304
177,305
178,306
179,309
180,310
181,311
182,312
183,313
184,314
185,315
186,318
187,319
188,320
189,321
190,322
191,323
192,324
193,325
194,326
195,327
196,328
197,329
198,330
199,331
200,334
201,335
202,336
203,337
204,338
205,339
206,340
207,341
208,342
209,345
210,346
211,347
212,348
213,349
214,350
215,351
216,354
217,355
218,356
219,357
220,358
221,360
222,361
223,362
224,364
225,366
226,367
227,368
228,369
229,370
230,371
231,372
232,373
233,374
234,375
235,376
236,379
237,380
238,381
239,382
240,383
241,384
242,389
243,390
244,391
245,392
246,393
247,394
248,397
249,398
250,399
251,400
252,401
253,402
254,403
255,406
256,407
257,408
258,409
259,410
260,413
261,414
262,415
263,416
264,417
265,418
266,419
267,420
268,421
269,422
270,423
271,426
272,427
273,428
274,429
275,430
276,431
277,432
278,434
279,435
280,436
281,437
282,438
283,439
284,440
285,441
286,442
287,443
288,472
289,473
290,474
291,475
292,476
293,477
294,480
295,481
296,482
297,483
298,484
299,485
300,486
301,491
302,492
303,493
304,494
305,495
306,498
307,499
308,500
309,502
310,503
311,504
312,505
313,506
314,507
315,509
316,510
317,511
318,512
319,517
320,518
321,520
322,521
323,522
324,523
325,524
326,525
327,526
328,527
329,528
330,529
331,530
332,531
333,532
334,535
335,536
336,537
337,538
338,539
339,540
340,541
341,542
342,543
343,544
344,545
345,546
346,547
347,550
348,551
349,552
350,553
351,554
352,555
353,556
354,557
355,558
356,559
357,560
358,561
359,562
360,563
361,581
362,588
363,589
364,590
365,591
366,592
367,593
368,594
369,595
370,596
371,597
372,598
373,599
374,600
375,629
376,630
377,631
378,632
379,633
380,634
381,635
382,637
383,638
384,642
385,644
386,645
387,647
388,648
389,649
390,651
391,652
392,653
393,654
394,656
395,657
396,658
397,659
398,660
399,661
400,662
401,663
402,664
403,665
404,666
405,669
406,670
407,671
408,672
409,673
410,674
411,675
412,678
413,680
414,681
415,682
416,683
417,684
418,685
419,686
420,688
421,689
422,690
423,691
424,692
425,693
426,694
427,695
428,696
429,697
430,698
431,699
432,700
433,701
434,706
435,707
436,708
437,709
438,710
439,713
440,714
441,715
442,716
443,717
444,718
445,719
446,724
447,725
448,726
449,727
450,728
451,730
452,731
453,734
454,735
455,736
456,738
457,739
458,740
459,741
460,742
461,743
462,744
463,746
464,747
465,748
466,749
467,754
468,755
469,757
470,758
471,759
472,760
473,761
474,762
475,763
476,764
477,765
478,766
479,767
480,768
481,769
482,772
483,773
484,774
485,775
486,776
487,777
488,778
489,779
490,780
491,781
492,782
493,783
494,784
495,787
496,788
497,789
498,790
499,791
500,792
501,793
502,794
503,795
504,796
505,797
506,798
507,799
508,800
509,818
510,827
511,828
512,829
513,830
514,833
515,834
516,835
517,836
518,837
519,838
520,839
521,840
522,841
523,842
524,873
525,874
526,875
527,876
528,877
529,878
530,879
531,881
532,882
533,886
534,888
535,889
536,891
537,892
538,893
539,895
540,896
541,897
542,898
543,900
544,901
545,902
546,903
547,904
548,905
549,906
550,907
551,908
552,909
553,910
554,911
555,914
556,915
557,916
558,917
559,918
560,919
561,920
562,923
563,925
564,926
565,927
566,928
567,929
568,930
569,931
570,933
571,934
572,935
573,936
574,937
575,938
576,939
577,940
578,941
579,942
580,943
581,944
582,945
583,946
584,971
585,972
586,973
587,974
588,975
589,976
590,977
591,978
592,979
593,980
594,981
595,982
596,983
597,984
598,985
599,986
600,987
601,988
602,989
603,990
604,991
605,992
606,993
607,994
608,995
609,996
610,997
611,998
612,999
613,1000
614,1001
615,1002
616,1003
617,1006
618,1007
619,1008
620,1009
621,1010
622,1011
623,1012
624,1015
625,1016
626,1018
627,1019
628,1020
629,1021
630,1022
631,1023
632,1024
633,1025
634,1026
635,1027
636,1028
637,1029
638,1030
639,1031
640,1032
641,1033
642,1034
643,1035
644,1036
645,1037
646,1038
647,1039
648,1040
649,1041
650,1042
651,1043
652,1045
653,1047
654,1048
655,1049
656,1113
657,1114
658,1115
659,1116
660,1117
661,1118
662,1121
663,1122
664,1123
665,1124
666,1125
667,1126
668,1127
669,1132
670,1133
671,1134
672,1135
673,1136
674,1139
675,1140
676,1141
677,1143
678,1144
679,1145
680,1146
681,1147
682,1148
683,1150
684,1151
685,1152
686,1153
687,1158
688,1159
689,1161
690,1162
691,1163
692,1164
693,1165
694,1166
695,1167
696,1168
697,1169
698,1170
699,1171
700,1172
701,1173
702,1176
703,1177
704,1178
705,1179
706,1180
707,1181
708,1182
709,1183
710,1184
711,1185
712,1186
713,1187
714,1188
715,1191
716,1192
717,1193
718,1194
719,1195
720,1196
721,1197
722,1198
723,1199
724,1200
725,1201
726,1202
727,1203
728,1204
729,1207
730,1209
731,1210
732,1211
733,1212
734,1213
735,1214
736,1215
737,1216
738,1217
739,1218
740,1219
741,1220
742,1255
743,1256
744,1257
745,1258
746,1259
747,1260
748,1261
749,1263
750,1264
751,1268
752,1270
753,1271
754,1273
755,1274
756,1275
757,1277
758,1278
759,1279
760,1280
761,1282
762,1283
763,1284
764,1285
765,1286
766,1287
767,1288
768,1289
769,1290
770,1291
771,1292
772,1295
773,1296
774,1297
775,1298
776,1299
777,1300
778,1301
779,1304
780,1305
781,1306
782,1307
783,1308
784,1309
785,1310
786,1311
787,1313
788,1314
789,1315
790,1316
791,1317
792,1318
793,1319
794,1320
795,1321
796,1322
797,1323
798,1324
799,1325
800,1326
801,1331
802,1332
803,1333
804,1334
805,1335
806,1336
807,1339
808,1340
809,1341
810,1342
811,1343
812,1344
813,1345
814,1350
815,1351
816,1352
817,1353
818,1354
819,1357
820,1358
821,1359
822,1361
823,1362
824,1363
825,1364
826,1365
827,1366
828,1368
829,1369
830,1370
831,1371
832,1376
833,1377
834,1379
835,1380
836,1381
837,1382
838,1383
839,1384
840,1385
841,1386
842,1387
843,1388
844,1389
845,1390
846,1391
847,1394
848,1395
849,1396
850,1397
851,1398
852,1399
853,1400
854,1401
855,1402
856,1403
857,1404
858,1405
859,1406
860,1409
861,1410
862,1411
863,1412
864,1413
865,1414
866,1415
867,1416
868,1417
869,1418
870,1419
871,1420
872,1421
873,1422
874,1425
875,1427
876,1428
877,1429
878,1430
879,1431
880,1432
881,1433
882,1434
883,1435
884,1436
885,1437
886,1438
887,1494
888,1495
889,1496
890,1497
891,1498
892,1499
893,1500
894,1502
895,1503
896,1508
897,1510
898,1511
899,1513
900,1514
901,1515
902,1517
903,1518
904,1519
905,1520
906,1522
907,1523
908,1524
909,1525
910,1526
911,1527
912,1528
913,1529
914,1530
915,1531
916,1532
917,1535
918,1536
919,1537
920,1538
921,1539
922,1540
923,1541
924,1544
925,1546
926,1547
927,1548
928,1549
929,1550
930,1551
931,1553
932,1554
933,1555
934,1556
935,1557
936,1558
937,1559
938,1560
939,1561
940,1563
941,1564
942,1565
943,1566
944,1567
945,1568
946,1569
947,1570
948,1572
949,1573
950,1574
951,1575
952,1576
953,1577
954,1578
955,1579
956,1581
957,1582
958,1583
959,1584
960,1585
961,1588
962,1591
963,1592
964,1593
965,1594
966,1595
967,1596
968,1597
969,1599
970,1600
971,1601
972,1602
973,1603
974,1604
975,1605
976,1606
977,1609
978,1610
979,1611
980,1612
981,1613
982,1614
983,1615
984,1616
985,1617
986,1681
987,1682
988,1683
989,1684
990,1685
991,1686
992,1687
993,1689
994,1690
995,1691
996,1692
997,1693
998,1694
999,1695
1000,1696
1001,1697
1002,1698
1003,1699
1004,1701
1005,1702
1006,1703
1007,1704
1008,1705
1009,1706
1010,1707
1011,1708
1012,1709
1013,1710
1014,1711
1015,1712
1016,1713
1017,1714
1018,1715
1019,1716
1020,1717
1021,1718
1022,1719
1023,1720
1024,1721
1025,1722
1026,1723
1027,1724
1028,1725
1029,1726
1030,1728
1031,1729
1032,1730
1033,1731
1034,1732
1035,1733
1036,1734
1037,1736
1038,1739
1039,1741
1040,1742
1041,1743
1042,1744
1043,1746
1044,1747
1045,1748
1046,1749
1047,1750
1048,1751
1049,1752
1050,1753
1051,1754
1052,1755
1053,1756
1054,1757
1055,1758
1056,1759
1057,1760
1058,1762
1059,1763
1060,1764
1061,1765
1062,1766
1063,1767
1064,1768
1065,1769
1066,1770
1067,1771
1068,1772
1069,1774
1070,1777
1071,1778
1072,1779
1073,1780
1074,1781
1075,1782
1076,1783
1077,1784
1078,1785
1079,1786
1080,1787
1081,1788
1082,1789
1083,1790
1084,1791
1085,1792
1086,1793
1087,1794
1088,1795
1089,1800
1090,1801
1091,1802
1092,1803
1093,1804
1094,1805
1095,1808
1096,1809
1097,1810
1098,1811
1099,1812
1100,1813
1101,1814
1102,1819
1103,1820
1104,1821
1105,1822
1106,1823
1107,1826
1108,1827
1109,1828
1110,1830
1111,1831
1112,1832
1113,1833
1114,1834
1115,1835
1116,1837
1117,1838
1118,1839
1119,1840
1120,1845
1121,1846
1122,1848
1123,1849
1124,1850
1125,1851
1126,1852
1127,1853
1128,1854
1129,1855
1130,1856
1131,1857
1132,1858
1133,1859
1134,1860
1135,1863
1136,1864
1137,1865
1138,1866
1139,1867
1140,1868
1141,1869
1142,1870
1143,1871
1144,1872
1145,1873
1146,1874
1147,1875
1148,1878
1149,1879
1150,1880
1151,1881
1152,1882
1153,1883
1154,1884
1155,1885
1156,1886
1157,1887
1158,1888
1159,1889
1160,1890
1161,1891
1162,1894
1163,1896
1164,1897
1165,1898
1166,1899
1167,1900
1168,1901
1169,1902
1170,1903
1171,1904
1172,1905
1173,1906
1174,1907
1175,1910
1176,1917
1177,1918
1178,1919
1179,1920
1180,1921
1181,1922
1182,1923
1183,1924
1184,1925
1185,1926
1186,1927
1187,1928
1188,1929
1189,1958
1190,1959
1191,1960
1192,1961
1193,1962
1194,1963
1195,1964
1196,1966
1197,1967
1198,1971
1199,1973
1200,1974
1201,1976
1202,1977
1203,1978
1204,1980
1205,1981
1206,1982
1207,1983
1208,1985
1209,1986
1210,1987
1211,1988
1212,1989
1213,1990
1214,1991
1215,1992
1216,1993
1217,1994
1218,1995
1219,1996
1220,1997
1221,1998
1222,1999
1223,2002
1224,2003
1225,2004
1226,2005
1227,2006
1228,2007
1229,2008
1230,2011
1231,2014
1232,2015
1233,2016
1234,2017
1235,2018
1236,2019
1237,2020
1238,2022
1239,2023
1240,2024
1241,2025
1242,2026
1243,2027
1244,2028
1245,2029
1246,2030
1247,2031
1248,2032
1249,2033
1250,2034
1251,2035
1252,2098
1253,2099
1254,2100
1255,2101
1256,2102
1257,2103
1258,2104
1259,2105
1260,2106
1261,2107
1262,2108
1263,2109
1264,2110
1265,2111
1266,2112
1267,2113
1268,2114
1269,2115
1270,2116
1271,2117
1272,2118
1273,2121
1274,2122
1275,2123
1276,2125
1277,2126
1278,2127
1279,2128
1280,2129
1281,2130
1282,2131
1283,2132
1284,2133
1285,2134
1286,2135
1287,2136
1288,2139
1289,2146
1290,2147
1291,2148
1292,2149
1293,2150
1294,2151
1295,2152
1296,2153
1297,2154
1298,2155
1299,2156
1300,2157
1301,2158
1302,2163
1303,2164
1304,2165
1305,2166
1306,2167
1307,2168
1308,2171
1309,2172
1310,2173
1311,2174
1312,2175
1313,2176
1314,2177
1315,2178
<end>
</var/ftp/usrflash/Project/PMAC Script Language/PLC Programs/PLC20_Cylinder.plc>,20
0,10
1,11
2,12
3,13
4,14
5,15
6,16
7,17
8,18
9,19
10,20
11,21
12,23
13,24
14,25
15,26
16,27
17,28
18,29
19,30
20,31
21,32
22,33
23,34
24,36
25,37
26,38
27,39
28,40
29,41
30,42
31,43
32,44
33,45
34,46
35,47
36,49
37,50
38,51
39,52
40,53
41,54
42,55
43,56
44,57
45,58
46,59
47,60
48,62
49,63
50,64
51,65
52,66
53,67
54,68
55,69
56,70
57,71
58,72
59,73
60,75
61,76
62,77
63,78
64,79
65,80
66,81
67,82
68,83
69,84
70,85
71,86
72,101
73,102
74,103
75,104
76,105
77,106
78,107
79,108
80,109
81,110
82,111
83,112
84,113
85,120
86,121
87,123
88,124
89,125
90,126
91,127
92,128
93,129
94,130
95,135
96,136
97,137
98,139
99,140
100,141
101,142
102,143
103,144
104,145
105,146
106,147
107,148
108,149
109,150
110,151
111,152
112,153
113,155
114,156
115,157
116,158
117,159
118,160
119,161
120,162
121,164
122,165
123,167
124,168
125,169
126,170
127,171
128,172
129,173
130,174
131,175
132,176
133,177
134,178
135,181
136,182
137,184
138,185
139,186
140,187
141,188
142,189
143,190
144,191
145,196
146,197
147,198
148,199
149,200
150,201
151,202
152,204
153,205
154,206
155,207
156,208
157,210
158,211
159,212
160,213
161,215
162,216
163,217
164,218
165,219
166,220
167,222
168,223
169,224
170,225
171,227
172,228
173,229
174,230
175,231
176,232
177,235
178,236
179,237
180,238
181,239
182,240
183,243
184,244
185,245
186,246
187,247
188,248
189,249
190,250
191,251
192,252
193,253
194,254
195,255
196,256
197,257
198,258
199,259
200,260
201,261
202,262
203,263
204,264
205,265
206,268
207,269
208,270
209,271
210,272
211,273
212,274
213,275
214,276
215,279
216,280
217,281
218,282
219,283
220,284
221,285
222,288
223,289
224,290
225,291
226,292
227,295
228,296
229,297
230,298
231,299
232,300
233,301
234,302
235,303
236,304
237,305
238,306
239,307
240,308
241,309
242,312
243,313
244,314
245,315
246,316
247,317
248,318
249,319
250,322
251,323
252,324
253,325
254,326
255,327
256,328
257,329
258,330
259,331
260,332
261,333
262,334
263,337
264,338
265,339
266,340
267,341
268,342
269,343
270,344
271,345
272,346
273,347
274,348
275,351
276,352
277,353
278,354
279,355
280,356
281,357
282,358
283,359
284,360
285,361
286,362
287,363
288,367
289,368
290,369
291,370
292,371
293,372
294,373
295,376
296,377
297,378
298,379
299,380
300,385
301,386
302,387
303,388
304,389
305,391
306,392
307,393
308,395
309,396
310,397
311,398
312,399
313,400
314,401
315,402
316,404
317,405
318,406
319,407
320,408
321,409
322,411
323,412
324,413
325,414
326,416
327,417
328,418
329,419
330,420
331,421
332,424
333,425
334,426
335,427
336,428
337,429
338,432
339,433
340,434
341,435
342,436
343,437
344,438
345,439
346,440
347,441
348,442
349,443
350,444
351,445
352,446
353,447
354,448
355,449
356,450
357,451
358,452
359,453
360,454
361,455
362,458
363,459
364,460
365,461
366,462
367,463
368,464
369,465
370,466
371,469
372,470
373,471
374,472
375,473
376,474
377,475
378,478
379,479
380,480
381,481
382,482
383,485
384,486
385,487
386,488
387,489
388,490
389,491
390,492
391,493
392,494
393,495
394,496
395,497
396,498
397,502
398,503
399,504
400,505
401,506
402,509
403,510
404,511
405,512
406,513
407,514
408,516
409,517
410,518
411,519
412,520
413,521
414,522
415,523
416,524
417,527
418,528
419,529
420,530
421,531
422,532
423,533
424,536
425,537
426,538
427,539
428,540
429,541
430,542
431,544
432,545
433,546
434,547
435,548
436,549
437,550
438,551
439,552
440,555
441,556
442,557
443,558
444,559
445,564
446,565
447,566
448,567
449,568
450,569
451,570
452,571
453,573
454,574
455,575
456,576
457,577
458,578
459,579
460,580
461,582
462,583
463,584
464,585
465,586
466,587
467,589
468,590
469,591
470,592
471,594
472,595
473,596
474,597
475,598
476,599
477,600
478,603
479,604
480,605
481,606
482,607
483,608
484,611
485,612
486,613
487,614
488,615
489,616
490,617
491,618
492,619
493,620
494,621
495,622
496,623
497,624
498,625
499,626
500,627
501,628
502,629
503,630
504,631
505,632
506,633
507,636
508,637
509,638
510,639
511,640
512,641
513,642
514,643
515,644
516,647
517,648
518,649
519,650
520,651
521,652
522,653
523,656
524,657
525,658
526,659
527,660
528,663
529,664
530,665
531,666
532,667
533,668
534,669
535,670
536,671
537,672
538,673
539,674
540,675
541,676
542,680
543,681
544,682
545,683
546,684
547,687
548,688
549,689
550,690
551,691
552,692
553,694
554,695
555,696
556,697
557,698
558,699
559,700
560,701
561,702
562,705
563,706
564,707
565,708
566,709
567,710
568,711
569,714
570,715
571,716
572,717
573,718
574,719
575,720
576,722
577,723
578,724
579,725
580,726
581,727
582,728
583,729
584,730
585,733
586,734
587,735
588,736
589,737
590,739
<end>
</var/ftp/usrflash/Project/PMAC Script Language/PLC Programs/PLC21_TestShot.plc>,21
0,10
1,11
2,12
3,13
4,14
5,15
6,17
7,18
8,19
9,20
10,22
11,24
12,25
13,26
14,28
15,29
16,30
17,31
18,36
19,37
20,38
21,39
22,41
23,42
24,43
25,44
26,45
27,48
28,49
29,50
30,51
31,54
32,55
33,56
34,57
35,58
36,61
37,62
38,63
39,64
40,67
41,68
42,69
43,70
44,71
45,74
46,75
47,76
48,77
49,78
50,79
51,80
52,81
53,82
54,83
55,84
56,85
57,86
58,87
59,88
<end>
</var/ftp/usrflash/Project/PMAC Script Language/PLC Programs/PLC22_LaserCtrl.plc>,22
0,10
1,11
2,12
3,13
4,14
5,15
6,16
7,17
8,19
9,20
10,21
11,22
12,23
13,24
14,25
15,26
16,28
17,29
18,34
19,35
20,36
21,37
22,38
23,39
24,41
25,42
26,43
27,44
28,45
29,46
30,48
31,49
32,50
33,51
34,53
35,54
36,55
37,56
38,57
39,58
40,61
41,62
42,63
43,64
44,65
45,66
46,67
47,68
48,69
49,70
50,71
51,72
52,73
53,74
54,75
55,78
56,79
57,80
58,81
59,82
60,83
61,84
62,85
63,86
64,87
65,88
66,89
67,90
68,91
69,92
70,95
71,96
72,97
73,98
74,99
75,100
76,101
77,102
78,103
79,104
80,105
81,106
82,107
83,108
84,109
85,112
86,113
87,114
88,115
89,116
90,117
91,118
92,119
93,120
94,121
95,122
96,123
97,124
98,125
99,126
100,129
101,130
102,131
103,132
104,133
105,134
106,135
107,140
108,141
109,142
110,143
111,144
112,145
113,147
114,148
115,149
116,150
117,151
118,152
119,154
120,155
121,156
122,157
123,159
124,160
125,161
126,162
127,163
128,164
129,167
130,168
131,169
132,170
133,171
134,172
135,173
136,174
137,175
138,176
139,177
140,178
141,179
142,180
143,181
144,184
145,185
146,186
147,187
148,188
149,189
150,190
151,191
152,192
153,193
154,194
155,195
156,196
157,197
158,198
159,201
160,202
161,203
162,204
163,205
164,206
165,207
166,208
167,209
168,210
169,211
170,212
171,213
172,214
173,215
174,218
175,219
176,220
177,221
178,222
179,223
180,224
181,225
182,226
183,227
184,228
185,229
186,230
187,231
188,232
189,235
190,236
191,237
192,238
193,239
194,240
195,241
196,246
197,247
198,248
199,249
200,250
201,251
202,253
203,254
204,255
205,256
206,257
207,258
208,259
209,261
210,262
211,263
212,264
213,266
214,267
215,268
216,269
217,270
218,273
219,274
220,275
221,276
222,277
223,278
224,279
225,280
226,281
227,282
228,283
229,284
230,285
231,286
232,287
233,290
234,291
235,292
236,293
237,294
238,295
239,296
240,299
241,301
242,302
243,303
244,304
245,305
246,307
247,308
248,309
249,310
250,311
251,312
252,313
253,314
254,315
255,316
256,318
257,319
258,320
259,321
260,322
261,323
262,324
263,325
264,326
265,327
266,329
267,330
268,331
269,332
270,333
271,334
272,335
273,336
274,337
275,338
276,340
277,341
278,344
279,345
280,346
281,347
282,348
283,349
284,350
285,355
286,356
287,357
288,358
289,359
290,360
291,362
292,363
293,364
294,365
295,366
296,367
297,368
298,370
299,371
300,372
301,373
302,375
303,376
304,377
305,378
306,379
307,382
308,383
309,384
310,385
311,386
312,387
313,388
314,389
315,390
316,391
317,392
318,393
319,394
320,395
321,396
322,399
323,400
324,401
325,402
326,403
327,404
328,405
329,408
330,410
331,411
332,412
333,413
334,414
335,416
336,417
337,418
338,419
339,420
340,421
341,422
342,423
343,424
344,425
345,427
346,428
347,429
348,430
349,431
350,432
351,433
352,434
353,435
354,436
355,438
356,439
357,440
358,441
359,442
360,443
361,444
362,445
363,446
364,447
365,449
366,450
367,453
368,454
369,455
370,456
371,457
372,458
373,459
374,461
<end>
</var/ftp/usrflash/Project/PMAC Script Language/PLC Programs/PLC23_TargetMove.plc>,23
0,12
1,13
2,14
3,15
4,16
5,17
6,19
7,20
8,21
9,22
10,23
11,24
12,25
13,27
14,28
15,29
16,30
17,35
18,37
19,38
20,39
21,40
22,41
23,42
24,43
25,44
26,45
27,46
28,47
29,48
30,51
31,52
32,53
33,54
34,55
35,56
36,57
37,58
38,59
39,60
40,61
41,62
42,65
43,66
44,67
45,68
46,69
47,70
48,71
49,72
50,73
51,74
52,75
53,76
54,77
55,80
56,81
57,82
58,83
59,84
60,85
61,86
62,87
63,88
64,89
65,90
66,91
67,96
68,97
69,98
70,99
71,100
72,101
73,102
74,104
75,105
76,108
77,109
78,113
79,114
80,115
81,117
82,118
83,119
84,120
85,121
86,122
87,123
88,124
89,125
90,126
91,129
92,130
93,131
94,132
95,133
96,134
97,135
98,138
99,139
100,140
101,141
102,142
103,143
104,144
105,145
106,146
107,147
108,148
109,149
110,154
111,155
112,156
113,157
114,158
115,161
116,162
117,163
118,164
119,165
120,167
121,168
122,173
123,174
124,175
125,176
126,177
127,178
128,180
129,181
130,182
131,183
132,184
133,185
134,186
135,188
136,189
137,190
138,191
139,196
140,198
141,199
142,200
143,201
144,202
145,203
146,204
147,205
148,206
149,207
150,208
151,209
152,212
153,213
154,214
155,215
156,216
157,217
158,218
159,219
160,220
161,221
162,222
163,223
164,226
165,227
166,228
167,229
168,230
169,231
170,232
171,233
172,234
173,235
174,236
175,237
176,238
177,241
178,242
179,243
180,244
181,245
182,246
183,247
184,248
185,249
186,250
187,251
188,252
189,257
190,258
191,259
192,260
193,262
194,263
195,264
196,266
197,267
198,270
199,271
200,273
201,274
202,275
203,277
204,278
205,279
206,280
207,281
208,282
209,283
210,284
211,285
212,286
213,289
214,290
215,291
216,292
217,293
218,294
219,295
220,298
221,299
222,300
223,301
224,302
225,303
226,304
227,305
228,306
229,307
230,308
231,309
232,314
233,315
234,316
235,317
236,318
237,321
238,322
239,323
240,324
241,325
242,327
243,328
244,329
<end>
</var/ftp/usrflash/Project/PMAC Script Language/PLC Programs/PLC24_Cover.plc>,24
0,10
1,11
2,12
3,13
4,15
5,16
6,17
7,18
8,19
9,21
10,22
11,24
12,25
13,26
14,27
15,28
16,29
17,31
18,32
19,33
20,35
21,36
22,38
23,39
24,40
25,41
26,42
27,43
28,44
29,45
30,46
31,47
32,48
33,51
34,53
35,54
36,55
37,56
38,57
39,58
40,59
41,60
42,61
43,65
44,66
45,67
46,80
47,85
48,86
49,87
50,88
51,89
52,90
53,91
54,92
55,93
56,94
57,95
58,98
59,99
60,100
61,101
62,102
63,103
64,104
65,107
66,108
67,109
68,110
69,111
70,112
71,113
72,114
73,115
74,116
75,117
76,118
77,121
78,122
79,123
80,124
81,125
82,126
83,127
84,128
85,129
86,130
87,131
88,132
89,133
90,136
91,137
92,138
93,139
94,140
95,141
96,142
97,145
98,146
99,147
100,148
101,149
102,150
103,151
104,152
105,153
106,154
107,155
108,156
109,157
110,160
111,161
112,162
113,163
114,164
115,165
116,168
117,169
118,170
119,171
120,172
121,173
122,174
123,175
124,176
125,177
126,178
127,181
128,182
129,183
130,184
131,185
132,186
133,187
134,188
135,189
136,190
137,193
138,194
139,195
140,196
141,197
142,198
143,199
144,200
145,201
146,202
147,203
148,204
149,205
150,208
151,209
152,210
153,211
154,212
155,213
156,216
157,217
158,218
159,219
160,220
161,223
162,224
163,225
164,226
165,227
166,228
167,229
168,234
169,235
170,236
171,237
172,239
173,240
174,241
175,242
176,243
177,245
178,246
179,248
180,249
181,250
182,251
183,252
184,253
185,255
186,256
187,257
188,259
189,260
190,262
191,263
192,264
193,265
194,266
195,267
196,268
197,269
198,270
199,271
200,272
201,275
202,277
203,278
204,279
205,280
206,281
207,282
208,283
209,284
210,285
211,288
212,289
213,290
214,303
215,308
216,309
217,310
218,311
219,312
220,313
221,314
222,315
223,316
224,317
225,318
226,321
227,322
228,323
229,324
230,325
231,326
232,327
233,330
234,331
235,332
236,333
237,334
238,335
239,336
240,337
241,338
242,339
243,340
244,341
245,344
246,345
247,346
248,347
249,348
250,349
251,350
252,351
253,352
254,353
255,354
256,355
257,356
258,359
259,360
260,361
261,362
262,363
263,364
264,365
265,368
266,369
267,370
268,371
269,372
270,373
271,374
272,375
273,376
274,377
275,378
276,379
277,380
278,383
279,384
280,385
281,386
282,387
283,388
284,391
285,392
286,393
287,394
288,395
289,396
290,397
291,398
292,399
293,400
294,401
295,404
296,405
297,406
298,407
299,408
300,409
301,410
302,411
303,412
304,413
305,416
306,417
307,418
308,419
309,420
310,421
311,422
312,423
313,424
314,425
315,426
316,427
317,428
318,431
319,432
320,433
321,434
322,435
323,436
324,439
325,440
326,441
327,442
328,443
329,444
330,447
331,448
332,449
333,450
334,451
335,452
336,453
337,456
338,457
339,458
340,459
341,460
342,461
343,462
344,463
345,464
346,465
347,466
348,467
349,468
350,471
351,472
352,473
353,474
354,475
355,476
356,479
357,480
358,481
359,482
360,483
361,486
362,487
363,488
364,489
365,490
366,491
367,492
368,497
369,498
370,499
371,500
372,501
373,502
374,504
375,505
376,506
377,507
378,508
379,509
380,511
381,512
382,513
383,514
384,516
385,517
386,518
387,519
388,520
389,521
390,522
391,523
392,524
393,525
394,526
395,527
396,530
397,532
398,533
399,535
400,536
401,537
402,540
403,542
404,543
405,544
406,545
407,546
408,547
409,548
410,549
411,550
412,551
413,552
414,556
415,557
416,558
417,559
418,560
419,563
420,564
421,565
422,566
423,567
424,568
425,569
426,574
427,575
428,576
429,577
430,578
431,579
432,581
433,582
434,583
435,584
436,585
437,586
438,588
439,589
440,590
441,591
442,593
443,594
444,595
445,596
446,597
447,598
448,599
449,600
450,601
451,602
452,603
453,606
454,608
455,609
456,611
457,612
458,613
459,616
460,618
461,619
462,620
463,621
464,622
465,623
466,624
467,625
468,626
469,627
470,628
471,632
472,633
473,634
474,635
475,636
476,639
477,640
478,641
479,642
480,643
481,644
482,645
483,650
484,651
485,652
486,653
487,655
488,656
489,657
490,659
491,660
492,662
493,663
494,664
495,665
496,666
497,667
498,669
499,670
500,671
501,673
502,674
503,676
504,677
505,678
506,679
507,680
508,681
509,682
510,683
511,684
512,685
513,686
514,689
515,691
516,692
517,693
518,694
519,695
520,696
521,697
522,698
523,699
524,702
525,703
526,704
527,707
528,710
529,712
530,713
531,714
532,715
533,716
534,717
535,718
536,719
537,720
538,721
539,724
540,725
541,726
542,727
543,728
544,729
545,730
546,733
547,734
548,735
549,736
550,737
551,738
552,739
553,740
554,741
555,742
556,743
557,744
558,747
559,748
560,749
561,750
562,751
563,752
564,753
565,754
566,755
567,756
568,757
569,758
570,759
571,762
572,763
573,764
574,765
575,766
576,767
577,768
578,771
579,772
580,773
581,774
582,775
583,776
584,777
585,778
586,779
587,780
588,781
589,782
590,783
591,786
592,787
593,788
594,789
595,790
596,791
597,794
598,795
599,796
600,797
601,798
602,799
603,800
604,801
605,802
606,803
607,804
608,805
609,806
610,809
611,810
612,811
613,812
614,813
615,814
616,815
617,816
618,817
619,818
620,819
621,820
622,821
623,824
624,825
625,826
626,827
627,828
628,829
629,832
630,833
631,834
632,835
633,836
634,839
635,840
636,841
637,842
638,843
639,844
640,845
641,850
642,851
643,852
644,853
645,855
646,856
647,857
648,859
649,860
650,862
651,863
652,864
653,865
654,866
655,867
656,869
657,870
658,871
659,873
660,874
661,876
662,877
663,878
664,879
665,880
666,881
667,882
668,883
669,884
670,885
671,886
672,889
673,891
674,892
675,893
676,894
677,895
678,896
679,897
680,898
681,899
682,902
683,903
684,904
685,907
686,910
687,912
688,913
689,914
690,915
691,916
692,917
693,918
694,919
695,920
696,921
697,924
698,925
699,926
700,927
701,928
702,929
703,930
704,933
705,934
706,935
707,936
708,937
709,938
710,939
711,940
712,941
713,942
714,943
715,944
716,947
717,948
718,949
719,950
720,951
721,952
722,953
723,954
724,955
725,956
726,957
727,958
728,959
729,962
730,963
731,964
732,965
733,966
734,967
735,968
736,971
737,972
738,973
739,974
740,975
741,976
742,977
743,978
744,979
745,980
746,981
747,982
748,983
749,986
750,987
751,988
752,989
753,990
754,991
755,994
756,995
757,996
758,997
759,998
760,999
761,1000
762,1001
763,1002
764,1003
765,1004
766,1005
767,1006
768,1009
769,1010
770,1011
771,1012
772,1013
773,1014
774,1015
775,1018
776,1019
777,1020
778,1021
779,1022
780,1023
781,1024
782,1025
783,1026
784,1027
785,1028
786,1029
787,1030
788,1033
789,1034
790,1035
791,1036
792,1037
793,1038
794,1041
795,1042
796,1043
797,1044
798,1045
799,1046
800,1049
801,1050
802,1051
803,1052
804,1053
805,1054
806,1055
807,1058
808,1059
809,1060
810,1061
811,1062
812,1063
813,1064
814,1065
815,1066
816,1067
817,1068
818,1069
819,1070
820,1073
821,1074
822,1075
823,1076
824,1077
825,1078
826,1081
827,1082
828,1083
829,1084
830,1085
831,1088
832,1089
833,1090
834,1091
835,1092
836,1093
837,1094
838,1095
<end>
</var/ftp/usrflash/Project/PMAC Script Language/PLC Programs/PLC25_BlowOff.plc>,25
0,7
1,9
2,10
3,11
4,12
5,13
6,14
7,15
8,16
9,18
10,19
11,20
12,21
13,22
14,23
15,24
16,25
17,26
18,27
19,28
20,29
21,31
22,32
23,33
24,35
25,36
26,42
27,43
28,44
29,45
30,46
31,47
32,49
33,50
34,51
35,53
36,54
37,55
38,56
39,57
40,58
41,60
42,61
43,62
44,63
45,65
46,66
47,67
48,68
49,69
50,70
51,71
52,72
53,73
54,74
55,75
56,76
57,77
58,78
59,79
60,80
61,81
62,82
63,83
64,84
65,86
66,87
67,88
68,89
69,90
70,93
71,94
72,95
73,96
74,97
75,98
76,99
77,103
78,104
79,105
80,106
81,107
82,108
83,109
84,111
85,112
86,113
87,114
88,115
89,116
90,118
91,119
92,120
93,121
94,123
95,124
96,125
97,126
98,127
99,128
100,129
101,130
102,131
103,132
104,133
105,134
106,135
107,136
108,144
109,146
110,147
111,148
112,149
113,150
114,151
115,152
116,153
117,154
118,155
119,156
120,157
121,158
122,159
123,160
124,161
125,162
126,163
127,164
128,165
129,166
130,167
131,168
132,169
133,170
134,171
135,172
136,173
137,174
138,175
139,176
140,177
141,179
142,180
143,181
144,182
145,183
146,186
147,187
148,188
149,189
150,190
151,191
152,192
153,193
<end>
</var/ftp/usrflash/Project/PMAC Script Language/PLC Programs/PLC27_PickAndPlace.plc>,27
0,30
1,31
2,32
3,33
4,34
5,35
6,37
7,38
8,39
9,40
10,41
11,42
12,43
13,46
14,47
15,48
16,49
17,54
18,55
19,56
20,57
21,58
22,59
23,60
24,61
25,62
26,63
27,64
28,65
29,66
30,69
31,70
32,71
33,72
34,73
35,74
36,75
37,76
38,77
39,78
40,79
41,80
42,83
43,84
44,85
45,86
46,87
47,88
48,89
49,90
50,91
51,92
52,93
53,94
54,95
55,98
56,99
57,100
58,101
59,102
60,103
61,104
62,105
63,106
64,107
65,108
66,109
67,112
68,126
69,127
70,128
71,129
72,130
73,131
74,133
75,134
76,135
77,136
78,137
79,138
80,139
81,140
82,141
83,142
84,143
85,144
86,149
87,151
88,152
89,153
90,156
91,157
92,158
93,159
94,160
95,161
96,162
97,163
98,164
99,165
100,166
101,167
102,170
103,172
104,173
105,174
106,175
107,176
108,178
109,179
110,180
111,181
112,182
113,184
114,185
115,188
116,190
117,191
118,192
119,193
120,194
121,195
122,196
123,197
124,198
125,199
126,200
127,203
128,205
129,206
130,207
131,208
132,209
133,211
134,212
135,213
136,214
137,215
138,217
139,218
140,221
141,223
142,224
143,225
144,226
145,227
146,228
147,229
148,230
149,231
150,232
151,233
152,236
153,238
154,239
155,240
156,243
157,244
158,245
159,246
160,247
161,248
162,249
163,250
164,252
165,253
166,254
167,255
168,256
169,257
170,258
171,259
172,260
173,263
174,264
175,265
176,266
177,267
178,268
179,269
180,270
181,271
182,272
183,273
184,274
185,280
186,281
187,282
188,283
189,284
190,285
191,288
192,289
193,290
194,291
195,292
196,293
197,294
198,297
199,298
200,299
201,300
202,301
203,302
204,303
205,304
206,305
207,306
208,307
209,308
210,309
211,310
212,311
213,314
214,315
215,316
216,317
217,318
218,319
219,320
220,323
221,324
222,325
223,326
224,327
225,328
226,329
227,330
228,331
229,332
230,333
231,334
232,335
233,336
234,337
235,338
236,341
237,342
238,343
239,344
240,345
241,346
242,347
243,350
244,351
245,352
246,353
247,354
248,355
249,356
250,357
251,358
252,359
253,360
254,361
255,362
256,363
257,364
258,365
259,368
260,369
261,370
262,371
263,372
264,373
265,374
266,377
267,378
268,379
269,380
270,381
271,382
272,383
273,384
274,385
275,386
276,387
277,388
278,389
279,392
280,393
281,394
282,395
283,396
284,397
285,398
286,399
287,400
288,401
289,402
290,403
291,404
292,405
293,406
294,407
295,408
296,409
297,414
298,416
299,417
300,418
301,419
302,420
303,422
304,423
305,424
306,425
307,426
308,428
309,429
310,432
311,434
312,435
313,436
314,437
315,438
316,439
317,440
318,441
319,442
320,443
321,444
322,447
323,449
324,450
325,451
326,452
327,453
328,455
329,456
330,457
331,458
332,459
333,461
334,462
335,465
336,467
337,468
338,469
339,470
340,471
341,472
342,473
343,474
344,475
345,476
346,477
347,480
348,481
349,482
350,483
351,484
352,487
353,488
354,489
355,490
356,491
357,492
358,493
359,494
360,496
361,497
362,498
363,499
364,500
365,501
366,502
367,503
368,504
369,507
370,508
371,509
372,510
373,511
374,512
375,513
376,514
377,515
378,516
379,517
380,518
381,524
382,525
383,526
384,527
385,528
386,529
387,532
388,533
389,534
390,535
391,536
392,537
393,538
394,541
395,542
396,543
397,544
398,545
399,546
400,547
401,548
402,549
403,550
404,551
405,552
406,553
407,554
408,555
409,556
410,559
411,560
412,561
413,562
414,563
415,564
416,565
417,568
418,569
419,570
420,571
421,572
422,573
423,574
424,575
425,576
426,577
427,578
428,579
429,580
430,581
431,582
432,583
433,586
434,587
435,588
436,589
437,590
438,591
439,592
440,595
441,596
442,597
443,598
444,599
445,600
446,601
447,602
448,603
449,604
450,605
451,606
452,609
453,610
454,611
455,612
456,613
457,614
458,615
459,616
460,617
461,618
462,619
463,620
464,621
465,622
466,623
467,624
468,625
469,626
470,631
471,632
472,633
473,634
474,635
475,638
476,639
477,640
478,641
479,642
480,643
481,644
482,645
483,646
484,647
485,648
486,649
487,652
488,654
489,655
490,656
491,657
492,658
493,660
494,661
495,662
496,663
497,664
498,666
499,667
500,670
501,672
502,673
503,674
504,675
505,676
506,677
507,678
508,679
509,680
510,681
511,682
512,685
513,687
514,688
515,689
516,690
517,691
518,693
519,694
520,695
521,696
522,697
523,699
524,700
525,703
526,704
527,705
528,706
529,707
530,708
531,709
532,710
533,711
534,712
535,713
536,714
537,717
538,718
539,719
540,720
541,721
542,724
543,725
544,726
545,727
546,728
547,729
548,730
549,731
550,733
551,734
552,735
553,736
554,737
555,738
556,739
557,740
558,741
559,744
560,745
561,746
562,747
563,748
564,749
565,750
566,751
567,752
568,753
569,754
570,755
571,760
572,761
573,762
574,763
575,764
576,765
577,768
578,769
579,770
580,771
581,772
582,773
583,774
584,777
585,778
586,779
587,780
588,781
589,782
590,783
591,784
592,785
593,786
594,787
595,788
596,789
597,790
598,791
599,794
600,795
601,796
602,797
603,798
604,799
605,800
606,803
607,804
608,805
609,806
610,807
611,808
612,809
613,810
614,811
615,812
616,813
617,814
618,815
619,816
620,817
621,818
622,821
623,822
624,823
625,824
626,825
627,826
628,827
629,830
630,831
631,832
632,833
633,834
634,835
635,836
636,837
637,838
638,839
639,840
640,841
641,842
642,843
643,844
644,845
645,848
646,849
647,850
648,851
649,852
650,853
651,854
652,857
653,858
654,859
655,860
656,861
657,862
658,863
659,864
660,865
661,866
662,867
663,868
664,869
665,872
666,873
667,874
668,875
669,876
670,877
671,878
672,879
673,880
674,881
675,882
676,883
677,884
678,885
679,886
680,887
681,888
682,889
683,894
684,896
685,897
686,898
687,899
688,900
689,902
690,903
691,904
692,905
693,906
694,908
695,909
696,912
697,914
698,915
699,916
700,917
701,918
702,919
703,920
704,921
705,922
706,923
707,924
708,927
709,929
710,930
711,931
712,932
713,933
714,935
715,936
716,937
717,938
718,939
719,941
720,942
721,945
722,946
723,947
724,948
725,949
726,950
727,951
728,952
729,953
730,954
731,955
732,956
733,959
734,961
735,962
736,963
737,966
738,967
739,968
740,969
741,970
742,971
743,972
744,973
745,975
746,976
747,977
748,978
749,979
750,980
751,981
752,982
753,983
754,986
755,987
756,988
757,989
758,990
759,991
760,992
761,993
762,994
763,995
764,996
765,997
766,1002
767,1003
768,1004
769,1005
770,1006
771,1007
772,1010
773,1011
774,1012
775,1013
776,1014
777,1015
778,1016
779,1019
780,1020
781,1021
782,1022
783,1023
784,1024
785,1025
786,1026
787,1027
788,1028
789,1029
790,1030
791,1031
792,1032
793,1033
794,1034
795,1037
796,1038
797,1039
798,1040
799,1041
800,1042
801,1043
802,1046
803,1047
804,1048
805,1049
806,1050
807,1051
808,1052
809,1053
810,1054
811,1055
812,1056
813,1057
814,1058
815,1059
816,1060
817,1061
818,1064
819,1065
820,1066
821,1067
822,1068
823,1069
824,1070
825,1073
826,1074
827,1075
828,1076
829,1077
830,1078
831,1079
832,1080
833,1081
834,1082
835,1083
836,1084
837,1087
838,1088
839,1089
840,1090
841,1091
842,1092
843,1093
844,1094
845,1095
846,1096
847,1097
848,1098
849,1099
850,1100
851,1101
852,1102
853,1103
854,1104
855,1107
856,1108
857,1112
858,1115
859,1116
860,1117
861,1118
862,1119
863,1121
864,1122
<end>
</var/ftp/usrflash/Project/PMAC Script Language/PLC Programs/PLC28_VisionTrigger.plc>,28
0,7
1,8
2,9
3,11
4,12
5,14
6,15
7,16
8,17
9,18
<end>
</var/ftp/usrflash/Project/PMAC Script Language/PLC Programs/PLC30_Test.plc>,30
0,7
1,8
2,9
3,10
4,11
5,12
6,13
7,14
8,15
9,16
10,17
11,18
12,19
13,20
14,21
15,22
16,23
17,24
18,25
19,26
20,27
21,28
22,30
23,31
24,32
25,34
26,35
27,36
28,37
29,38
30,39
31,40
32,42
33,43
34,44
35,45
36,46
37,47
38,48
39,49
40,50
41,52
42,53
43,54
44,56
45,57
46,58
47,60
48,61
49,62
50,64
51,65
52,66
53,68
54,69
55,70
56,72
57,73
58,74
59,76
60,77
61,78
62,80
63,81
64,82
65,84
66,85
67,86
68,88
69,89
70,90
71,92
72,93
73,94
74,96
75,98
76,99
<end>
</var/ftp/usrflash/Project/PMAC Script Language/PLC Programs/PLC31_ReqSim.plc>,31
0,33
1,34
2,35
3,37
4,38
5,39
6,44
7,45
8,46
9,47
10,48
11,50
12,51
13,52
14,53
15,54
16,55
17,56
18,57
19,58
20,59
21,60
22,62
23,63
24,64
25,65
26,66
27,67
28,69
29,70
30,71
31,72
32,74
33,75
34,76
35,77
36,78
37,79
38,81
39,82
40,83
41,84
42,86
43,87
44,88
45,89
46,90
47,91
48,92
49,93
50,95
51,96
52,97
53,98
54,99
55,100
56,101
57,102
58,103
59,104
60,109
61,110
62,111
63,112
64,113
65,114
66,115
67,116
68,117
69,118
70,120
71,121
72,122
73,123
74,125
75,126
76,127
77,128
78,129
79,130
80,131
81,132
82,134
83,135
84,136
85,137
86,138
87,139
88,140
89,141
90,142
91,143
92,145
93,146
94,147
95,148
96,149
97,150
98,151
99,152
100,153
101,154
102,159
103,160
104,161
105,162
106,163
107,164
108,165
109,166
110,167
111,168
112,169
113,170
114,171
115,172
116,173
117,174
118,175
119,176
120,177
121,178
122,180
123,181
124,183
125,184
126,185
127,186
<end>
