</var/ftp/usrflash/Project/PMAC Script Language/Libraries/timer.pmc>,100000
0,6
1,7
2,8
3,8
4,12
5,13
6,14
7,14
8,15
<end>
</var/ftp/usrflash/Project/PMAC Script Language/Libraries/SPG_Gcode.pmc>,1000
0,11
1,12
2,13
3,13
4,19
5,20
6,21
7,21
8,27
9,28
10,29
11,29
12,35
13,36
14,37
15,37
16,43
17,44
18,46
19,47
20,48
21,49
22,50
23,51
24,52
25,53
26,54
27,55
28,56
29,57
30,59
31,60
32,60
33,66
34,67
35,67
36,73
37,74
38,74
39,80
40,81
41,81
42,87
43,88
44,88
45,94
46,95
47,96
48,96
49,102
50,103
51,104
52,104
53,110
54,111
55,112
56,112
57,118
58,119
59,120
60,120
61,121
<end>
</var/ftp/usrflash/Project/PMAC Script Language/Libraries/SPG_Mcode.pmc>,1001
0,8
1,10
2,11
3,12
4,13
5,14
6,15
7,16
8,17
9,18
10,19
11,21
12,22
13,23
14,24
15,27
16,28
17,29
18,30
19,31
20,31
21,38
22,40
23,41
24,42
25,43
26,44
27,45
28,46
29,47
30,48
31,49
32,51
33,52
34,53
35,54
36,57
37,58
38,59
39,60
40,61
41,62
42,62
43,68
44,69
45,70
46,71
47,72
48,73
49,74
50,75
51,76
52,76
53,83
54,84
55,85
56,86
57,87
58,88
59,89
60,90
61,91
62,91
63,98
64,99
65,100
66,101
67,103
68,104
69,105
70,106
71,108
72,109
73,110
74,111
75,113
76,114
77,115
78,116
79,118
80,119
81,120
82,121
83,123
84,124
85,125
86,126
87,128
88,129
89,130
90,131
91,133
92,134
93,135
94,136
95,138
96,139
97,141
98,142
99,145
100,146
101,149
102,150
103,153
104,154
105,157
106,158
107,159
108,160
109,161
110,162
111,162
112,168
113,169
114,170
115,171
116,172
117,173
118,175
119,176
120,177
121,178
122,178
123,184
124,185
125,186
126,187
127,189
128,190
129,192
130,193
131,194
132,195
133,196
134,197
135,198
136,200
137,202
138,205
139,206
140,208
141,209
142,210
143,210
144,216
145,217
146,218
147,221
148,223
149,224
150,225
151,226
152,227
153,227
154,234
155,236
156,237
157,238
158,240
159,241
160,242
161,243
162,244
163,245
164,246
165,247
166,249
167,250
168,251
169,252
170,253
171,254
172,255
173,256
174,258
175,259
176,261
177,262
178,263
179,264
180,265
181,266
182,267
183,268
184,269
185,270
186,271
187,272
188,273
189,273
190,280
191,282
192,283
193,284
194,285
195,286
196,287
197,288
198,289
199,290
200,291
201,293
202,294
203,295
204,296
205,297
206,298
207,298
208,304
209,305
210,306
211,307
212,308
213,309
214,309
215,315
216,316
217,317
218,318
219,319
220,320
221,321
222,322
223,323
224,324
225,325
226,326
227,327
228,328
229,329
230,330
231,331
232,332
233,332
234,338
235,339
236,340
237,341
238,342
239,343
240,344
241,345
242,345
243,351
244,352
245,353
246,354
247,355
248,356
249,357
250,358
251,358
252,364
253,365
254,366
255,367
256,368
257,368
258,374
259,375
260,376
261,377
262,378
263,378
264,384
265,385
266,386
267,387
268,388
269,388
270,394
271,395
272,396
273,397
274,398
275,398
276,404
277,405
278,406
279,407
280,408
281,409
282,410
283,412
284,413
285,414
286,415
287,416
288,417
289,417
290,419
<end>
</var/ftp/usrflash/Project/PMAC Script Language/Libraries/SPG_AbortVsHome.pmc>,100001
0,4
1,6
2,7
3,8
4,10
5,11
6,12
7,13
<end>
</var/ftp/usrflash/Project/PMAC Script Language/Libraries/SPG_AbortVsLoop.pmc>,100002
0,4
1,5
2,6
3,7
4,8
5,9
6,11
7,12
8,13
9,14
<end>
</var/ftp/usrflash/Project/PMAC Script Language/Libraries/SPG_AbortWsHome.pmc>,100003
0,4
1,6
2,7
3,8
4,9
5,11
6,12
7,13
8,14
<end>
</var/ftp/usrflash/Project/PMAC Script Language/Libraries/SPG_AbortWsLoop.pmc>,100004
0,4
1,5
2,6
3,7
4,8
5,9
6,11
7,12
8,13
9,14
<end>
</var/ftp/usrflash/Project/PMAC Script Language/Libraries/SPG_InitCommand.pmc>,100005
0,5
1,6
2,7
3,8
4,11
5,12
6,13
7,14
8,15
9,16
10,17
11,20
12,21
13,22
14,23
15,24
16,25
17,26
18,28
19,28
20,29
<end>
</var/ftp/usrflash/Project/PMAC Script Language/Libraries/SPG_InitECylinder.pmc>,100006
0,4
1,5
2,6
3,7
4,8
5,9
6,10
7,12
8,12
9,13
<end>
</var/ftp/usrflash/Project/PMAC Script Language/Libraries/SPG_InitMotor.pmc>,100007
0,7
1,8
2,10
3,11
4,12
5,13
6,14
7,15
8,16
9,17
10,18
11,19
12,20
13,21
14,24
15,25
16,26
17,27
18,28
19,29
20,30
21,31
22,32
23,33
24,34
25,35
26,38
27,39
28,40
29,41
30,42
31,43
32,44
33,45
34,46
35,49
36,50
37,52
38,55
39,56
40,57
41,58
42,59
43,60
44,61
45,62
46,63
47,64
48,65
49,66
50,69
51,70
52,71
53,72
54,73
55,74
56,75
57,76
58,77
59,78
60,79
61,80
62,83
63,84
64,85
65,86
66,87
67,88
68,89
69,90
70,91
71,94
72,95
73,98
74,101
75,102
76,103
77,104
78,105
79,106
80,107
81,108
82,109
83,110
84,111
85,112
86,115
87,116
88,117
89,118
<end>
</var/ftp/usrflash/Project/PMAC Script Language/Libraries/SPG_InitScanner.pmc>,100008
0,5
1,7
2,8
3,10
4,11
5,12
6,14
7,15
8,16
9,17
10,19
11,20
12,21
13,22
14,23
15,24
16,26
17,27
18,29
19,30
20,31
21,32
22,33
23,34
24,35
25,37
26,38
27,40
28,41
29,42
30,43
31,45
32,46
33,47
34,49
35,50
36,51
37,52
38,53
39,55
40,56
41,57
42,58
43,59
44,61
45,62
<end>
</var/ftp/usrflash/Project/PMAC Script Language/Libraries/SPG_InitSeqParam.pmc>,100009
0,5
1,6
2,7
3,8
4,11
5,12
6,13
7,13
8,14
<end>
</var/ftp/usrflash/Project/PMAC Script Language/Libraries/SPG_SetDefaultParam.pmc>,100010
0,4
1,5
2,6
3,7
4,8
5,9
6,10
7,12
8,13
9,14
10,15
11,16
12,17
13,18
14,20
15,21
16,22
17,23
18,25
19,26
20,27
21,28
22,30
23,31
24,32
25,33
26,34
27,36
28,37
29,38
30,39
31,40
32,42
33,43
34,44
35,46
36,47
37,48
38,49
39,50
40,51
41,52
42,53
43,55
44,56
45,57
46,59
47,60
48,61
49,63
50,64
51,65
52,67
53,68
54,69
55,71
56,72
57,73
58,75
59,76
60,77
61,79
62,80
63,81
64,83
65,84
66,85
67,87
68,88
69,89
70,91
71,92
72,93
73,95
74,96
75,97
76,99
77,100
78,101
79,103
80,104
81,105
82,107
83,108
84,109
85,111
86,112
87,113
88,115
89,116
90,117
91,119
92,120
93,121
94,123
95,124
96,125
97,127
98,128
99,129
100,131
101,132
102,133
103,135
104,136
105,137
106,139
107,140
108,141
109,143
110,144
111,145
112,147
113,148
114,149
115,151
116,152
117,153
118,153
119,154
<end>
</var/ftp/usrflash/Project/PMAC Script Language/Libraries/SPG_SetEquOut.pmc>,100011
0,4
1,5
2,6
3,7
4,8
5,10
6,10
7,11
<end>
</var/ftp/usrflash/Project/PMAC Script Language/Libraries/SPG_SetSeqBufQ.pmc>,100012
0,44
1,45
2,46
3,47
4,48
5,49
6,50
7,51
8,53
9,54
10,56
11,57
12,58
13,60
14,61
15,62
16,64
17,65
18,67
19,68
20,69
21,73
22,75
23,76
24,78
<end>
</var/ftp/usrflash/Project/PMAC Script Language/Libraries/SPG_SetVsLdParam.pmc>,100013
0,4
1,5
2,6
3,7
4,7
5,8
6,9
7,10
8,11
9,12
10,12
11,13
12,14
13,15
14,16
15,17
16,17
17,18
18,21
19,22
20,23
21,26
22,27
23,28
24,30
25,31
<end>
</var/ftp/usrflash/Project/PMAC Script Language/Libraries/SPG_SetVsRdParam.pmc>,100014
0,4
1,5
2,6
3,7
4,7
5,8
6,9
7,10
8,11
9,12
10,12
11,13
12,14
13,15
14,16
15,17
16,17
17,18
18,21
19,22
20,23
21,26
22,27
23,28
24,30
25,31
<end>
</var/ftp/usrflash/Project/PMAC Script Language/Libraries/SPG_SetVsRjParam.pmc>,100015
0,4
1,5
2,6
3,7
4,7
5,8
6,9
7,10
8,11
9,12
10,12
11,13
12,14
13,15
14,16
15,17
16,17
17,18
18,21
19,22
20,23
21,26
22,27
23,28
24,30
25,31
<end>
</var/ftp/usrflash/Project/PMAC Script Language/Libraries/SPG_SetVsUdParam.pmc>,100016
0,4
1,5
2,6
3,7
4,7
5,8
6,9
7,10
8,11
9,12
10,12
11,13
12,14
13,15
14,16
15,17
16,17
17,18
18,21
19,22
20,23
21,26
22,27
23,28
24,30
25,31
<end>
</var/ftp/usrflash/Project/PMAC Script Language/Libraries/SPG_SetVsVnParam.pmc>,100017
0,4
1,5
2,6
3,7
4,7
5,8
6,9
7,10
8,11
9,12
10,12
11,13
12,14
13,15
14,16
15,17
16,17
17,18
18,21
19,22
20,23
21,26
22,27
23,28
24,30
25,31
26,32
27,33
28,33
29,34
30,35
31,36
32,37
33,38
34,38
35,39
36,40
37,41
38,42
39,43
40,43
41,44
42,45
43,46
44,47
45,48
46,48
47,49
48,52
49,53
50,54
51,55
52,57
53,58
54,59
55,60
56,61
57,62
58,65
59,67
60,68
61,69
62,70
63,70
64,71
65,73
66,74
67,75
68,76
69,76
70,77
71,78
72,79
73,80
74,81
75,81
76,82
77,84
78,85
79,86
80,88
81,89
<end>
</var/ftp/usrflash/Project/PMAC Script Language/Libraries/SPG_SetVsWtParam.pmc>,100018
0,4
1,5
2,6
3,7
4,7
5,8
6,9
7,10
8,11
9,12
10,12
11,13
12,14
13,15
14,16
15,17
16,17
17,18
18,21
19,22
20,23
21,26
22,27
23,28
24,30
25,31
<end>
</var/ftp/usrflash/Project/PMAC Script Language/Libraries/SPG_SetWsLdParam.pmc>,100019
0,4
1,5
2,6
3,7
4,7
5,8
6,9
7,10
8,11
9,12
10,12
11,13
12,14
13,15
14,16
15,17
16,17
17,18
18,21
19,22
20,23
21,26
22,27
23,28
24,30
25,31
<end>
</var/ftp/usrflash/Project/PMAC Script Language/Libraries/SPG_SetWsRdParam.pmc>,100020
0,4
1,5
2,6
3,7
4,7
5,8
6,9
7,10
8,11
9,12
10,12
11,13
12,14
13,15
14,16
15,17
16,17
17,18
18,21
19,22
20,23
21,26
22,27
23,28
24,30
25,31
<end>
</var/ftp/usrflash/Project/PMAC Script Language/Libraries/SPG_SetWsRjParam.pmc>,100021
0,4
1,5
2,6
3,7
4,7
5,8
6,9
7,10
8,11
9,12
10,12
11,13
12,14
13,15
14,16
15,17
16,17
17,18
18,21
19,22
20,23
21,26
22,27
23,28
24,30
25,31
<end>
</var/ftp/usrflash/Project/PMAC Script Language/Libraries/SPG_SetWsUdParam.pmc>,100022
0,4
1,5
2,6
3,7
4,7
5,8
6,9
7,10
8,11
9,12
10,12
11,13
12,14
13,15
14,16
15,17
16,17
17,18
18,21
19,22
20,23
21,26
22,27
23,28
24,30
25,31
<end>
</var/ftp/usrflash/Project/PMAC Script Language/Libraries/SPG_SetWsWdParam.pmc>,100023
0,4
1,5
2,6
3,7
4,7
5,8
6,9
7,10
8,11
9,12
10,12
11,13
12,14
13,15
14,16
15,17
16,17
17,18
18,21
19,22
20,23
21,26
22,27
23,28
24,30
25,31
26,32
27,33
28,33
29,34
30,35
31,36
32,37
33,38
34,38
35,39
36,40
37,41
38,42
39,43
40,43
41,44
42,45
43,46
44,47
45,48
46,48
47,49
48,52
49,53
50,54
51,55
52,57
53,58
54,59
55,60
56,61
57,62
58,65
59,67
60,68
61,69
62,70
63,70
64,71
65,72
66,73
67,74
68,75
69,76
70,77
71,77
72,78
73,79
74,80
75,81
76,82
77,82
78,83
79,84
80,85
81,86
82,88
83,89
84,92
85,93
86,94
87,95
88,97
89,100
90,101
91,102
92,103
93,105
94,108
95,109
96,110
97,111
98,114
99,115
100,116
101,117
102,121
103,122
104,123
105,124
106,125
107,126
108,126
109,127
110,128
111,129
112,130
113,131
114,131
115,132
116,133
117,135
118,136
119,137
120,138
121,139
122,140
123,140
124,141
125,142
126,143
127,144
128,145
129,145
130,146
131,147
132,150
133,151
134,152
135,153
136,154
137,155
138,156
139,157
140,159
141,160
142,161
143,162
144,163
145,164
146,165
147,166
148,168
149,169
<end>
</var/ftp/usrflash/Project/PMAC Script Language/Libraries/SPG_SetWsWtParam.pmc>,100024
0,2
1,3
2,4
3,5
4,5
5,6
6,7
7,8
8,9
9,10
10,10
11,11
12,12
13,13
14,14
15,15
16,15
17,16
18,19
19,20
20,21
21,24
22,25
23,26
24,28
25,29
<end>
</var/ftp/usrflash/Project/PMAC Script Language/Libraries/SPG_ReadScPos.pmc>,100025
0,10
1,11
2,13
3,14
4,17
5,18
6,19
7,21
8,22
9,23
10,23
11,24
<end>
</var/ftp/usrflash/Project/PMAC Script Language/Libraries/SPG_ResetVsAlarm.pmc>,100026
0,5
1,6
2,7
3,8
4,10
5,11
6,12
7,15
8,16
9,17
10,18
11,19
12,20
13,22
14,23
15,24
16,25
17,26
18,27
19,28
20,33
21,34
22,35
23,36
24,37
25,39
26,40
27,42
28,43
29,44
<end>
</var/ftp/usrflash/Project/PMAC Script Language/Libraries/SPG_ResetWsAlarm.pmc>,100027
0,5
1,6
2,7
3,8
4,9
5,11
6,12
7,13
8,14
9,17
10,18
11,19
12,20
13,21
14,22
15,23
16,24
17,25
18,27
19,28
20,29
21,30
22,31
23,32
24,33
25,38
26,39
27,40
28,42
29,43
30,45
31,46
32,47
<end>
</var/ftp/usrflash/Project/PMAC Script Language/Libraries/SPG_ReadThPos.pmc>,100028
0,7
1,8
2,9
3,10
4,10
5,11
6,13
7,14
8,15
9,20
10,22
11,23
12,25
13,27
14,28
15,30
16,32
17,33
18,34
19,35
20,46
21,47
22,48
23,50
24,53
25,54
26,56
27,57
28,58
<end>
</var/ftp/usrflash/Project/PMAC Script Language/Libraries/SPG_ReadThPos.pmc>,100029
0,62
1,63
2,64
3,65
4,65
5,66
6,68
7,69
8,70
9,75
10,77
11,78
12,80
13,82
14,83
15,85
16,87
17,88
18,89
19,90
20,100
21,101
22,102
23,104
24,107
25,108
26,110
27,111
28,112
<end>
</var/ftp/usrflash/Project/PMAC Script Language/Libraries/SPG_ConvertFunc.pmc>,100030
0,20
1,21
2,23
3,24
4,25
5,26
6,27
<end>
</var/ftp/usrflash/Project/PMAC Script Language/Libraries/SPG_ConvertFunc.pmc>,100031
0,35
1,36
2,38
3,39
4,40
5,41
6,42
<end>
</var/ftp/usrflash/Project/PMAC Script Language/Libraries/SPG_ConvertFunc.pmc>,100032
0,49
1,50
2,52
3,53
4,54
5,55
6,56
<end>
</var/ftp/usrflash/Project/PMAC Script Language/Libraries/SPG_ConvertFunc.pmc>,100033
0,64
1,65
2,67
3,68
4,69
5,70
6,71
<end>
</var/ftp/usrflash/Project/PMAC Script Language/Libraries/SPG_ConvertFunc.pmc>,100034
0,76
1,78
2,79
3,81
4,82
<end>
</var/ftp/usrflash/Project/PMAC Script Language/Libraries/SPG_ConvertFunc.pmc>,100035
0,95
1,98
2,99
<end>
</var/ftp/usrflash/Project/PMAC Script Language/PLC Programs/PLC00_RTI.plc>,0
0,9
1,11
2,12
3,13
4,14
5,15
6,16
7,17
8,18
9,20
10,21
11,22
12,23
13,24
14,25
15,26
16,27
17,29
18,30
19,31
20,32
21,33
22,34
23,35
<end>
</var/ftp/usrflash/Project/PMAC Script Language/PLC Programs/PLC01_Init.plc>,1
0,8
1,9
2,10
3,11
4,12
5,15
6,16
7,17
8,18
9,19
10,22
11,23
12,24
13,25
14,28
15,29
16,30
17,31
18,34
19,35
20,39
21,41
22,42
23,43
24,44
25,45
26,46
27,47
28,48
29,51
30,52
31,53
32,56
33,57
34,59
35,60
<end>
</var/ftp/usrflash/Project/PMAC Script Language/PLC Programs/PLC02_Sta.plc>,2
0,10
1,12
2,13
3,15
4,17
5,18
6,22
7,25
8,26
9,27
10,28
11,29
12,30
13,31
14,32
15,33
16,35
17,36
18,38
19,39
20,40
21,41
22,43
23,44
24,45
25,46
26,47
27,48
28,49
29,50
30,51
31,52
32,53
33,55
34,56
35,57
36,59
37,60
38,61
39,63
40,64
41,66
42,67
43,68
44,69
45,72
46,73
47,74
48,75
49,76
50,77
51,78
52,79
53,80
54,81
55,82
56,83
57,84
58,85
59,86
60,89
61,90
62,91
63,93
64,94
65,96
66,97
67,98
68,102
69,103
70,104
71,106
72,107
73,108
74,112
75,113
76,114
77,115
78,116
79,119
80,120
81,121
82,122
83,123
84,124
85,125
86,126
87,127
88,128
89,129
90,130
91,131
92,132
93,133
94,135
95,136
96,137
97,138
98,139
99,142
100,143
101,144
102,151
103,152
104,173
105,174
106,176
107,177
108,179
109,180
110,183
111,184
112,185
113,186
114,187
115,188
116,189
117,190
118,193
119,194
120,197
121,198
122,199
123,201
124,202
125,203
126,205
127,206
128,207
129,209
130,210
131,211
132,213
133,214
134,215
135,217
136,218
137,219
138,222
139,223
140,224
141,225
142,229
143,230
144,231
145,232
146,233
147,236
148,237
149,238
150,239
151,240
152,241
153,242
154,243
155,244
156,245
157,246
158,247
159,248
160,249
161,250
162,252
163,253
164,254
165,255
166,256
167,259
168,260
169,261
170,268
171,269
172,290
173,291
174,294
175,297
176,298
177,299
178,301
179,302
180,303
181,305
182,306
183,307
184,309
185,310
186,311
187,313
188,314
189,315
190,317
191,318
192,319
193,323
194,324
195,325
196,326
197,327
198,328
199,333
200,334
201,335
202,337
203,338
204,339
205,340
206,342
207,343
208,344
209,345
210,346
211,347
212,349
213,350
214,359
215,360
216,361
217,362
218,363
219,364
220,365
221,366
222,367
223,368
224,369
225,370
226,372
<end>
</var/ftp/usrflash/Project/PMAC Script Language/PLC Programs/PLC03_Cmd.plc>,3
0,7
1,8
2,10
3,11
4,13
5,14
6,23
7,24
8,25
9,26
10,27
11,28
12,29
13,30
14,31
15,32
16,34
17,35
18,36
19,37
20,38
21,39
22,40
23,41
24,42
25,43
26,48
27,49
28,50
29,51
30,52
31,53
32,54
33,55
34,56
35,57
36,59
37,60
38,61
39,62
40,63
41,64
42,65
43,66
44,67
45,68
46,73
47,74
48,75
49,76
50,77
51,78
52,79
53,80
54,81
55,82
56,83
57,84
58,86
59,87
60,88
61,89
62,90
63,91
64,92
65,93
66,94
67,95
68,96
69,97
70,98
71,100
72,101
73,102
74,103
75,104
76,105
77,106
78,107
79,108
80,109
81,110
82,111
83,112
84,114
85,115
86,116
87,117
88,118
89,119
90,120
91,121
92,122
93,123
94,125
95,126
96,127
97,128
98,129
99,130
100,131
101,132
102,133
103,134
104,135
105,140
106,141
107,142
108,143
109,144
110,145
111,146
112,147
113,148
114,149
115,151
116,152
117,153
118,154
119,155
120,156
121,157
122,158
123,159
124,160
125,162
126,163
127,164
128,165
129,166
130,167
131,168
132,169
133,170
134,171
135,178
136,179
137,180
138,181
139,182
140,183
141,184
142,185
143,186
144,187
145,189
146,190
147,191
148,192
149,193
150,194
151,195
152,196
153,197
154,198
155,204
156,206
157,207
158,208
159,209
160,210
161,211
162,212
163,213
164,214
165,215
166,217
167,218
168,219
169,220
170,221
171,222
172,223
173,224
174,225
175,226
176,228
177,229
178,230
179,231
180,232
181,233
182,234
183,235
184,236
185,237
186,239
187,240
188,241
189,242
190,243
191,244
192,245
193,246
194,247
195,248
196,250
197,251
198,252
199,253
200,254
201,255
202,256
203,257
204,258
205,259
206,261
207,262
208,263
209,264
210,265
211,266
212,267
213,268
214,269
215,270
216,275
217,276
218,277
219,278
220,279
221,280
222,281
223,282
224,283
225,284
226,286
227,287
228,288
229,289
230,290
231,291
232,292
233,293
234,294
235,295
236,297
237,298
238,299
239,300
240,301
241,302
242,303
243,304
244,305
245,310
246,312
247,313
248,314
249,315
250,316
251,317
252,318
253,319
254,320
255,321
256,323
257,324
258,325
259,326
260,327
261,328
262,329
263,330
264,331
265,332
266,334
267,335
268,336
269,337
270,338
271,339
272,340
273,341
274,342
275,343
276,345
277,346
278,347
279,348
280,349
281,350
282,351
283,352
284,353
285,354
286,356
287,357
288,358
289,359
290,360
291,361
292,362
293,363
294,364
295,365
296,367
297,368
298,369
299,370
300,371
301,372
302,373
303,374
304,375
305,376
306,378
307,379
308,380
309,381
310,382
311,383
312,384
313,385
314,386
315,387
316,389
317,390
318,391
319,392
320,393
321,394
322,395
323,396
324,397
325,398
326,400
327,401
328,402
329,403
330,404
331,405
332,406
333,407
334,408
335,409
336,411
337,412
338,413
339,414
340,415
341,416
342,417
343,418
344,419
345,420
346,422
347,423
348,424
349,425
350,426
351,427
352,428
353,429
354,430
355,431
356,433
357,434
358,435
359,436
360,437
361,438
362,439
363,440
364,441
365,442
366,444
367,445
368,446
369,447
370,448
371,449
372,450
373,451
374,452
375,453
376,455
377,456
378,457
379,458
380,459
381,460
382,461
383,462
384,463
385,464
386,468
387,469
388,470
389,471
390,472
391,473
392,474
393,475
394,476
395,477
396,479
397,480
398,481
399,482
400,483
401,484
402,485
403,486
404,487
405,488
406,490
407,491
408,492
409,493
410,494
411,495
412,496
413,497
414,498
415,503
416,505
417,506
418,507
419,508
420,509
421,510
422,511
423,512
424,513
425,514
426,516
427,517
428,518
429,519
430,520
431,521
432,522
433,523
434,524
435,525
436,527
437,528
438,529
439,530
440,531
441,532
442,533
443,534
444,535
445,536
446,538
447,539
448,540
449,541
450,542
451,543
452,544
453,545
454,546
455,547
456,549
457,550
458,551
459,552
460,553
461,554
462,555
463,556
464,557
465,558
466,559
467,565
468,566
469,567
470,568
471,569
472,570
473,571
474,572
475,573
476,574
477,576
478,577
479,578
480,579
481,580
482,581
483,582
484,583
485,584
486,585
487,587
488,588
489,589
490,590
491,591
492,592
493,593
494,594
495,595
496,600
497,602
498,603
499,604
500,605
501,606
502,607
503,608
504,609
505,610
506,611
507,613
508,614
509,615
510,616
511,617
512,618
513,619
514,620
515,621
516,622
517,627
518,628
519,629
520,630
521,631
522,632
523,633
524,634
525,635
526,640
527,642
528,643
529,644
530,645
531,646
532,647
533,648
534,649
535,650
536,651
537,653
538,654
539,655
540,656
541,657
542,658
543,659
544,660
545,661
546,666
547,668
548,669
549,670
550,671
551,672
552,673
553,674
554,675
555,676
556,677
557,679
558,680
559,681
560,682
561,683
562,684
563,685
564,686
565,687
566,692
567,694
568,695
569,696
570,697
571,698
572,699
573,700
574,701
575,702
576,703
577,705
578,706
579,707
580,708
581,709
582,710
583,711
584,712
585,713
586,714
587,716
588,717
589,718
590,719
591,720
592,721
593,722
594,723
595,724
596,725
597,727
598,728
599,729
600,730
601,731
602,732
603,733
604,734
605,735
606,740
607,742
608,743
609,744
610,745
611,746
612,747
613,748
614,749
615,750
616,752
617,754
618,755
619,756
620,757
621,758
622,759
623,760
624,761
625,762
626,767
627,769
628,770
629,771
630,772
631,773
632,774
633,775
634,776
635,777
636,778
637,782
638,783
639,784
640,785
641,786
642,787
643,788
644,789
645,790
646,791
647,793
648,794
649,795
650,796
651,797
652,798
653,799
654,800
655,801
656,802
657,804
658,805
659,806
660,807
661,808
662,809
663,810
664,811
665,812
666,817
667,819
668,820
669,821
670,822
671,823
672,824
673,825
674,826
675,827
676,828
677,830
678,831
679,832
680,833
681,834
682,835
683,836
684,837
685,838
686,843
687,845
688,846
689,847
690,848
691,849
692,850
693,851
694,852
695,853
696,854
697,856
698,857
699,858
700,859
701,860
702,861
703,862
704,863
705,864
706,869
707,871
708,872
709,873
710,874
711,875
712,876
713,877
714,878
715,879
716,880
717,882
718,883
719,884
720,885
721,886
722,887
723,888
724,889
725,890
726,895
727,897
728,898
729,899
730,900
731,901
732,902
733,903
734,904
735,905
736,906
737,908
738,909
739,910
740,911
741,912
742,913
743,914
744,915
745,916
746,921
747,923
748,924
749,925
750,926
751,927
752,928
753,929
754,930
755,931
756,932
757,935
758,936
759,937
760,938
761,939
762,940
763,943
764,944
765,945
766,946
767,948
768,949
769,950
770,952
771,953
772,954
773,955
774,956
775,957
776,958
777,959
778,960
779,961
780,962
781,965
782,966
783,967
784,968
785,969
786,970
787,972
788,973
789,974
790,975
791,976
792,977
793,981
794,982
795,983
796,984
797,986
798,987
799,988
800,990
801,991
802,992
803,993
804,994
805,995
806,996
807,997
808,998
809,999
810,1000
811,1003
812,1004
813,1005
814,1006
815,1007
816,1008
817,1010
818,1011
819,1012
820,1013
821,1014
822,1015
823,1019
824,1020
825,1021
826,1022
827,1024
828,1025
829,1027
830,1028
831,1029
832,1030
833,1032
834,1033
835,1034
836,1035
837,1036
838,1037
839,1040
840,1041
841,1042
842,1043
843,1044
844,1045
845,1050
846,1051
847,1052
<end>
</var/ftp/usrflash/Project/PMAC Script Language/PLC Programs/PLC04_Safety.plc>,4
0,17
1,18
2,19
3,20
4,21
5,22
6,23
7,24
8,25
9,26
10,28
11,29
12,30
13,31
14,32
15,33
16,35
17,36
18,37
19,38
20,39
21,40
22,41
23,42
24,43
25,47
26,48
27,49
28,51
29,52
30,54
31,55
32,57
33,58
34,60
35,61
36,64
37,65
38,67
39,68
40,69
41,75
42,76
43,77
44,78
45,80
46,81
47,83
48,84
49,86
50,87
51,89
52,90
53,91
54,95
55,96
56,97
57,98
58,99
59,100
60,101
61,102
62,104
63,105
64,106
65,107
66,109
67,110
68,112
69,113
70,114
71,115
72,117
73,118
74,119
75,120
76,121
77,122
78,123
79,124
80,125
81,126
82,127
83,128
84,129
85,130
86,131
87,132
88,133
89,134
90,137
91,138
92,139
93,140
94,141
95,142
96,143
97,144
98,145
99,146
100,153
101,154
102,155
103,156
104,163
105,164
106,165
107,166
108,167
109,168
110,170
111,171
112,172
113,173
114,174
115,175
116,179
117,180
118,181
119,182
120,183
121,184
122,185
123,186
124,187
125,188
126,189
127,190
128,191
129,192
130,193
131,194
132,195
133,196
134,197
135,198
136,199
137,200
138,201
139,202
140,203
141,204
142,205
143,206
144,207
145,208
146,209
147,210
148,211
149,212
150,213
151,214
152,215
153,216
154,217
155,220
156,221
157,222
158,223
159,224
160,225
161,226
162,227
163,228
164,229
165,230
166,231
167,232
168,233
169,234
170,235
171,236
172,237
173,238
174,239
175,240
176,241
177,242
178,243
179,244
180,245
181,246
182,247
183,248
184,251
185,252
186,253
187,254
188,255
189,256
190,257
191,258
192,259
193,260
194,262
195,263
196,264
197,265
198,266
199,267
200,268
201,269
202,270
203,271
204,277
205,278
206,279
207,280
208,281
209,282
210,284
211,285
212,286
213,287
214,288
215,290
216,291
217,292
218,293
219,294
220,295
221,297
222,298
223,299
224,301
225,302
226,303
227,304
228,306
229,307
230,308
231,309
232,310
233,311
234,312
235,313
236,314
237,315
238,316
239,317
240,318
241,319
242,320
243,321
244,322
245,323
246,324
247,325
248,326
249,327
250,328
251,331
252,332
253,334
254,335
255,336
256,337
257,338
258,339
259,340
260,341
261,342
262,343
263,344
264,345
265,346
266,347
267,348
268,349
269,350
270,351
271,352
272,354
273,355
274,356
275,358
276,359
277,360
278,361
279,362
280,363
281,364
282,365
283,366
284,367
285,368
286,370
287,371
288,372
289,373
290,375
291,376
292,377
293,378
294,379
295,380
296,381
297,382
298,383
299,384
300,385
301,390
302,391
303,392
304,393
305,396
306,397
307,398
308,399
309,404
310,405
311,406
312,407
313,408
314,409
315,410
316,411
317,412
318,413
319,414
320,415
321,416
322,417
323,418
324,419
325,420
326,421
327,422
328,423
329,429
<end>
</var/ftp/usrflash/Project/PMAC Script Language/PLC Programs/PLC05_Ecat.plc>,5
0,8
1,9
2,11
3,12
4,14
5,15
6,17
7,18
8,20
9,21
10,23
11,24
12,26
13,27
14,29
15,30
16,32
17,33
18,36
19,37
20,38
21,39
22,40
23,41
24,42
25,43
26,44
27,45
28,46
29,47
30,49
31,50
32,51
33,52
34,53
35,54
36,55
37,57
38,58
39,59
40,60
41,62
42,63
43,64
44,65
45,66
46,67
47,68
48,69
49,70
50,71
51,72
52,73
53,74
54,75
55,78
56,79
57,80
58,81
59,82
60,83
61,84
62,87
63,88
64,89
65,90
66,91
67,92
68,93
69,95
70,96
71,97
72,98
73,99
74,100
75,101
76,104
77,105
78,106
79,107
80,108
81,109
82,110
83,112
84,113
85,114
86,115
87,116
88,117
89,118
90,121
91,122
92,123
93,124
94,125
95,126
96,127
<end>
</var/ftp/usrflash/Project/PMAC Script Language/PLC Programs/PLC06_IoCom.plc>,6
0,7
1,8
2,9
3,10
4,11
5,12
6,13
7,14
8,15
9,16
10,17
11,18
12,19
13,20
14,21
15,22
16,23
17,24
18,26
19,27
20,28
21,29
22,30
23,31
24,32
25,33
26,34
27,35
28,36
29,37
30,38
31,39
32,40
33,41
34,43
35,44
36,45
37,46
38,47
39,48
40,49
41,50
42,51
43,52
44,53
45,54
46,55
47,56
48,57
49,58
50,59
51,63
52,65
53,66
54,67
55,68
56,69
57,70
58,71
59,72
60,73
61,74
62,75
63,76
64,77
65,78
66,79
67,98
68,99
69,100
70,101
71,102
72,103
73,104
74,105
75,106
76,107
77,108
78,109
79,110
80,111
81,112
82,113
83,115
84,116
85,117
86,118
87,119
88,120
89,121
90,122
91,123
92,124
93,125
94,126
95,127
96,128
97,129
98,130
99,131
100,132
<end>
</var/ftp/usrflash/Project/PMAC Script Language/PLC Programs/PLC10_Home.plc>,10
0,7
1,9
2,10
3,12
4,17
5,18
6,19
7,20
8,21
9,22
10,23
11,24
12,25
13,26
14,28
15,29
16,30
17,31
18,32
19,33
20,34
21,35
22,37
23,38
24,39
25,40
26,41
27,42
28,43
29,44
30,46
31,47
32,48
33,49
34,50
35,51
36,52
37,54
38,55
39,56
40,57
41,58
42,59
43,60
44,61
45,62
46,63
47,64
48,65
49,66
50,67
51,72
52,73
53,74
54,75
55,76
56,77
57,78
58,80
59,81
60,82
61,83
62,84
63,85
64,87
65,88
66,89
67,90
68,91
69,92
70,94
71,95
72,96
73,97
74,98
75,99
76,100
77,102
78,103
79,104
80,105
81,106
82,107
83,108
84,109
85,110
86,111
87,112
88,117
89,118
90,119
91,120
92,122
93,123
94,124
95,125
96,126
97,127
98,128
99,131
100,132
101,133
102,134
103,135
104,136
105,137
106,140
107,141
108,142
109,143
110,144
111,145
112,146
113,147
114,148
115,149
116,150
117,151
118,152
119,153
120,154
121,157
122,158
123,159
124,160
125,161
126,162
127,163
128,164
129,165
130,166
131,167
132,168
133,169
134,172
135,173
136,174
137,175
138,176
139,177
140,180
141,181
142,182
143,183
144,184
145,185
146,186
147,187
148,190
149,191
150,192
151,193
152,194
153,195
154,196
155,197
156,198
157,200
158,201
159,202
160,203
161,206
162,207
163,208
164,209
165,210
166,213
167,214
168,215
169,216
170,217
171,218
172,219
173,221
174,222
175,223
176,224
177,229
178,230
179,231
180,232
181,233
182,234
183,235
184,236
185,237
186,238
187,239
188,240
189,241
190,242
191,243
192,244
193,245
194,248
195,249
196,250
197,251
198,252
199,253
200,254
201,255
202,256
203,257
204,259
205,260
206,261
207,262
208,263
209,268
210,269
211,270
212,271
213,272
214,273
215,276
216,277
217,278
218,279
219,280
220,281
221,282
222,314
223,317
224,318
225,320
226,321
227,324
228,325
229,326
230,327
231,328
232,329
233,330
234,331
235,332
236,335
237,336
238,337
239,338
240,339
241,340
242,341
243,344
244,345
245,346
246,347
247,348
248,349
249,350
250,351
251,352
252,353
253,354
254,355
255,356
256,357
257,363
258,365
259,366
260,367
261,368
262,369
263,394
264,396
265,397
266,398
267,403
268,404
269,405
270,406
271,407
272,408
273,409
274,410
275,411
276,412
277,413
278,414
279,415
280,418
281,419
282,420
283,421
284,422
285,423
286,424
287,425
288,426
289,427
290,428
291,429
292,430
293,431
294,432
295,433
296,434
297,437
298,438
299,439
300,440
301,441
302,442
303,443
304,444
305,445
306,446
307,447
308,448
309,449
310,450
311,451
312,452
313,453
314,456
315,457
316,458
317,459
318,460
319,461
320,462
321,463
322,464
323,465
324,466
325,467
326,468
327,469
328,474
329,475
330,476
331,477
332,478
333,479
334,480
335,482
336,483
337,484
338,485
339,486
340,487
341,490
342,491
343,492
344,493
345,494
346,495
347,496
348,497
349,498
350,499
351,500
352,501
353,502
354,503
355,504
356,505
357,511
358,513
359,514
360,516
361,517
362,518
363,528
364,529
365,530
366,531
367,532
368,534
369,535
370,536
371,537
372,538
373,539
374,540
375,541
376,542
377,543
378,544
379,545
380,547
381,548
382,549
383,550
384,551
385,552
386,553
387,554
388,555
389,556
390,557
391,558
392,559
393,560
394,561
395,562
396,563
397,564
398,565
399,566
400,567
401,568
402,571
403,572
404,573
405,576
406,577
407,578
408,581
409,582
410,584
411,585
412,586
413,587
414,589
415,590
416,591
417,592
418,593
419,594
420,595
421,596
422,597
423,598
424,599
425,600
426,601
427,602
428,603
429,609
430,610
431,611
432,612
433,613
434,616
435,617
436,618
437,619
438,620
439,621
440,622
441,624
442,625
443,626
444,627
445,632
446,633
447,634
448,635
449,636
450,637
451,638
452,639
453,640
454,641
455,642
456,643
457,644
458,645
459,646
460,647
461,648
462,651
463,652
464,653
465,654
466,655
467,656
468,657
469,658
470,659
471,660
472,661
473,662
474,663
475,664
476,733
477,735
478,736
479,737
480,738
481,739
482,764
483,766
484,767
485,768
486,772
487,773
488,774
489,775
490,776
491,777
492,778
493,779
494,780
495,781
496,782
497,783
498,784
499,787
500,788
501,789
502,790
503,791
504,792
505,793
506,794
507,795
508,796
509,797
510,798
511,799
512,800
513,801
514,802
515,803
516,806
517,807
518,808
519,809
520,810
521,811
522,812
523,813
524,814
525,815
526,816
527,817
528,818
529,819
530,825
531,826
532,827
533,830
534,831
535,832
536,835
537,836
538,838
539,839
540,840
541,841
542,843
543,844
544,845
545,846
546,847
547,848
548,849
549,850
550,851
551,852
552,853
553,854
554,855
555,856
556,857
557,929
558,930
559,931
560,932
561,934
562,935
563,936
564,939
565,940
566,941
567,942
568,943
569,944
570,945
571,947
572,948
573,949
574,950
575,955
576,956
577,957
578,958
579,959
580,960
581,963
582,964
583,965
584,966
585,967
586,968
587,969
588,970
589,971
590,972
591,973
592,974
593,975
594,976
595,981
596,982
597,983
598,984
599,985
600,986
601,987
602,988
603,989
604,990
605,993
606,994
607,995
608,996
609,997
610,998
611,999
612,1002
613,1003
614,1004
615,1005
616,1006
617,1007
618,1008
619,1009
620,1010
621,1011
622,1012
623,1013
624,1014
625,1015
626,1020
627,1021
628,1022
629,1023
630,1024
631,1027
632,1028
633,1029
634,1030
635,1031
636,1032
637,1033
638,1035
639,1036
640,1037
641,1038
642,1039
643,1040
644,1041
645,1042
646,1043
647,1044
648,1045
649,1046
650,1047
651,1050
652,1051
653,1052
654,1053
655,1054
656,1055
657,1057
658,1058
659,1059
660,1060
661,1061
662,1062
663,1063
664,1064
665,1065
666,1066
667,1067
668,1068
669,1069
670,1072
671,1073
672,1074
673,1075
674,1077
675,1078
676,1079
677,1080
678,1081
679,1082
680,1083
681,1084
682,1085
683,1086
684,1087
685,1088
686,1089
687,1090
688,1094
689,1095
690,1096
691,1097
692,1098
693,1099
694,1102
695,1103
696,1104
697,1105
698,1106
699,1107
700,1108
701,1111
702,1112
703,1113
704,1114
705,1115
706,1117
707,1118
708,1119
709,1120
710,1121
711,1122
712,1123
713,1124
714,1125
715,1126
716,1130
717,1131
718,1132
719,1133
720,1134
721,1135
722,1136
723,1139
724,1140
725,1141
726,1142
727,1143
728,1144
729,1145
730,1147
731,1148
732,1149
733,1150
734,1151
735,1152
736,1153
737,1154
738,1155
739,1156
740,1159
741,1160
742,1161
743,1162
744,1163
745,1164
746,1165
747,1166
748,1167
<end>
</var/ftp/usrflash/Project/PMAC Script Language/PLC Programs/PLC11_Jog.plc>,11
0,7
1,9
2,10
3,11
4,16
5,17
6,18
7,19
8,20
9,21
10,22
11,23
12,24
13,25
14,26
15,27
16,28
17,29
18,30
19,31
20,32
21,34
22,35
23,36
24,37
25,38
26,39
27,40
28,41
29,42
30,43
31,44
32,45
33,46
34,47
35,48
36,49
37,51
38,52
39,53
40,54
41,55
42,56
43,57
44,58
45,59
46,60
47,61
48,62
49,63
50,64
51,65
52,67
53,68
54,69
55,70
56,71
57,72
58,73
59,74
60,75
61,76
62,77
63,78
64,79
65,80
66,81
67,82
68,84
69,85
70,86
71,88
72,89
73,90
74,91
75,92
76,93
77,95
78,96
79,97
80,98
81,99
82,100
83,102
84,103
85,104
86,106
87,107
88,108
89,109
90,110
91,111
92,112
93,113
94,114
95,115
96,116
97,117
98,119
99,120
100,121
101,122
102,123
103,124
104,125
105,126
106,127
107,129
108,130
109,131
110,132
111,133
112,134
113,135
114,136
115,137
116,139
117,140
118,141
119,142
120,143
121,144
122,146
123,147
124,148
125,149
126,150
127,151
128,152
129,153
130,154
131,155
132,157
133,158
134,159
135,164
136,165
137,166
138,167
139,168
140,169
141,171
142,172
143,173
144,174
145,175
146,176
147,177
148,179
149,180
150,181
151,182
152,184
153,185
154,186
155,187
156,188
157,189
158,190
159,191
160,192
161,193
162,194
163,195
164,196
165,197
166,198
167,199
168,200
169,201
170,202
171,203
172,204
173,205
174,206
175,207
176,208
177,210
178,211
179,212
180,213
181,214
182,217
183,218
184,219
185,220
186,221
187,222
188,223
189,226
190,227
191,228
192,229
193,230
194,231
195,232
196,234
197,235
198,236
199,237
200,238
201,239
202,241
203,242
204,243
205,244
206,245
207,246
208,247
209,250
210,251
211,252
212,253
213,254
214,255
215,256
<end>
</var/ftp/usrflash/Project/PMAC Script Language/PLC Programs/PLC12_SeqMc.plc>,12
0,12
1,13
2,14
3,15
4,16
5,17
6,18
7,19
8,20
9,21
10,22
11,23
12,24
13,25
14,26
15,28
16,29
17,30
18,31
19,32
20,33
21,34
22,35
23,36
24,37
25,38
26,39
27,40
28,41
29,42
30,46
31,47
32,48
33,49
34,50
35,51
36,53
37,54
38,55
39,56
40,57
41,59
42,134
43,135
44,136
45,140
46,141
47,142
48,143
49,144
50,145
51,146
52,147
53,148
54,149
55,150
56,151
57,152
58,153
59,154
60,155
61,157
62,158
63,159
64,160
65,161
66,162
67,163
68,164
69,165
70,167
71,168
72,169
73,170
74,171
75,172
76,173
77,174
78,175
79,177
80,178
81,179
82,181
83,182
84,183
85,184
86,185
87,186
88,187
89,188
90,189
91,190
92,191
93,192
94,193
95,194
96,195
97,196
98,197
99,214
100,215
101,216
102,217
103,218
104,220
105,221
106,222
107,223
108,224
109,225
110,227
111,228
112,229
113,231
114,232
115,233
116,234
117,235
118,236
119,237
120,238
121,239
122,240
123,241
124,242
125,243
126,244
127,245
128,246
129,247
130,264
131,265
132,266
133,267
134,268
135,270
136,271
137,272
138,273
139,274
140,275
141,280
142,281
143,282
144,283
145,284
146,285
147,287
148,288
149,289
150,290
151,291
152,292
153,294
154,295
155,296
156,297
157,298
158,299
159,301
160,302
161,303
162,304
163,305
164,306
165,308
166,309
167,310
168,312
169,313
170,314
171,315
172,316
173,317
174,319
175,320
176,321
177,322
178,323
179,324
180,326
181,327
182,328
183,329
184,330
185,331
186,333
187,334
188,335
189,337
190,338
191,339
192,340
193,341
194,342
195,346
196,347
197,348
198,349
199,351
200,352
201,353
202,354
203,355
204,356
205,357
206,358
207,359
208,360
209,361
210,362
211,363
212,366
213,367
214,368
215,369
216,370
217,371
218,372
219,373
220,374
221,375
222,378
223,379
224,380
225,381
226,382
227,384
228,387
229,388
230,389
231,390
232,391
233,392
234,393
235,396
236,397
237,398
238,399
239,400
240,401
241,402
242,403
243,404
244,405
245,406
246,407
247,408
248,411
249,412
250,413
251,414
252,415
253,416
254,419
255,420
256,421
257,422
258,423
259,424
260,425
261,428
262,429
263,430
264,431
265,432
266,433
267,434
268,435
269,436
270,437
271,438
272,439
273,440
274,443
275,444
276,445
277,446
278,449
279,450
280,451
281,452
282,453
283,454
284,455
285,456
286,457
287,458
288,459
289,460
290,461
291,462
292,463
293,464
294,467
295,468
296,469
297,470
298,471
299,472
300,473
301,474
302,475
303,478
304,479
305,480
306,481
307,482
308,484
309,485
310,490
311,491
312,492
313,493
314,498
315,501
316,502
317,504
318,505
319,506
320,508
321,509
322,514
323,515
324,518
325,519
326,520
327,521
328,522
329,523
330,524
331,525
332,526
333,527
334,528
335,529
336,530
337,531
338,532
339,535
340,536
341,537
342,538
343,541
344,542
345,543
346,544
347,545
348,546
349,547
350,550
351,551
352,552
353,553
354,554
355,559
356,562
357,563
358,565
359,566
360,567
361,568
362,573
363,574
364,577
365,578
366,579
367,580
368,581
369,582
370,583
371,584
372,585
373,586
374,587
375,588
376,589
377,590
378,591
379,594
380,595
381,596
382,597
383,600
384,601
385,602
386,603
387,604
388,605
389,606
390,609
391,610
392,611
393,612
394,613
395,614
396,615
397,616
398,617
399,618
400,619
401,620
402,621
403,626
404,629
405,630
406,632
407,633
408,634
409,635
410,640
411,641
412,644
413,645
414,646
415,647
416,648
417,649
418,650
419,651
420,652
421,653
422,654
423,655
424,656
425,657
426,658
427,661
428,662
429,663
430,664
431,667
432,668
433,669
434,670
435,671
436,672
437,673
438,676
439,678
440,679
441,681
442,682
443,683
444,684
445,685
446,686
447,687
448,688
449,693
450,696
451,697
452,699
453,700
454,701
455,702
456,707
457,708
458,711
459,712
460,713
461,714
462,715
463,716
464,717
465,718
466,719
467,720
468,721
469,722
470,723
471,724
472,725
473,726
474,729
475,730
476,731
477,732
478,735
479,736
480,737
481,738
482,739
483,740
484,741
485,744
486,748
487,749
488,751
489,752
490,753
491,754
492,755
493,756
494,761
495,764
496,765
497,767
498,768
499,769
500,770
501,771
502,776
503,777
504,780
505,781
506,782
507,783
508,784
509,786
510,787
511,788
512,790
513,791
514,792
515,793
516,794
517,795
518,796
519,797
520,800
521,801
522,802
523,803
524,806
525,807
526,808
527,809
528,810
529,811
530,812
531,815
532,816
533,817
534,818
535,823
536,826
537,827
538,829
539,830
540,831
541,832
542,837
543,838
544,841
545,842
546,843
547,844
548,845
549,847
550,848
551,849
552,850
553,851
554,852
555,853
556,854
557,855
558,856
559,857
560,860
561,861
562,862
563,863
564,866
565,867
566,868
567,869
568,870
569,871
570,872
571,875
572,876
573,877
574,878
575,883
576,886
577,887
578,889
579,890
580,891
581,892
582,897
583,898
584,901
585,902
586,903
587,904
588,905
589,906
590,907
591,908
592,909
593,910
594,911
595,912
596,913
597,914
598,915
599,918
600,919
601,920
602,921
603,924
604,925
605,926
606,927
607,928
608,929
609,930
610,933
611,934
612,935
613,940
614,942
615,943
616,944
617,945
618,946
619,947
620,948
621,949
622,950
623,951
624,952
625,953
626,956
627,957
628,958
629,959
630,960
631,961
632,962
633,967
634,968
635,969
636,970
637,975
638,978
639,979
640,981
641,982
642,983
643,984
644,989
645,990
646,993
647,994
648,995
649,996
650,997
651,998
652,999
653,1000
654,1001
655,1002
656,1003
657,1004
658,1005
659,1006
660,1007
661,1008
662,1011
663,1012
664,1013
665,1014
666,1017
667,1018
668,1019
669,1020
670,1021
671,1022
672,1023
673,1026
674,1027
675,1028
676,1029
677,1030
678,1031
679,1032
680,1033
681,1034
682,1035
683,1036
684,1037
685,1038
686,1039
687,1040
688,1041
689,1046
690,1049
691,1050
692,1052
693,1053
694,1054
695,1055
696,1056
697,1057
698,1062
699,1063
700,1066
701,1067
702,1068
703,1069
704,1070
705,1071
706,1072
707,1073
708,1074
709,1075
710,1076
711,1077
712,1078
713,1079
714,1080
715,1083
716,1084
717,1085
718,1086
719,1089
720,1090
721,1091
722,1092
723,1093
724,1094
725,1095
726,1098
727,1099
728,1100
729,1101
730,1102
731,1107
732,1110
733,1111
734,1113
735,1114
736,1115
737,1116
738,1121
739,1122
740,1125
741,1126
742,1127
743,1128
744,1129
745,1130
746,1131
747,1132
748,1133
749,1134
750,1135
751,1136
752,1137
753,1138
754,1139
755,1142
756,1143
757,1144
758,1145
759,1148
760,1149
761,1150
762,1151
763,1152
764,1153
765,1154
766,1157
767,1160
768,1161
769,1162
770,1163
771,1164
772,1165
773,1166
774,1167
775,1168
776,1169
777,1170
778,1171
779,1172
780,1173
781,1174
782,1179
783,1182
784,1183
785,1185
786,1186
787,1187
788,1188
789,1193
790,1194
791,1197
792,1198
793,1199
794,1200
795,1201
796,1202
797,1203
798,1204
799,1205
800,1206
801,1207
802,1208
803,1209
804,1210
805,1211
806,1214
807,1215
808,1216
809,1217
810,1220
811,1221
812,1222
813,1223
814,1224
815,1225
816,1226
817,1229
818,1230
819,1231
820,1236
821,1239
822,1240
823,1242
824,1243
825,1244
826,1245
827,1250
828,1251
829,1254
830,1255
831,1256
832,1257
833,1258
834,1259
835,1260
836,1261
837,1262
838,1263
839,1264
840,1265
841,1266
842,1267
843,1268
844,1306
845,1307
846,1308
847,1309
848,1312
849,1313
850,1314
851,1315
852,1316
853,1317
854,1318
855,1341
856,1344
857,1345
858,1347
859,1348
860,1349
861,1350
862,1355
863,1356
864,1359
865,1360
866,1361
867,1362
868,1363
869,1365
870,1366
871,1367
872,1368
873,1369
874,1370
875,1371
876,1372
877,1373
878,1374
879,1375
880,1378
881,1379
882,1380
883,1381
884,1384
885,1385
886,1386
887,1387
888,1388
889,1389
890,1390
891,1393
892,1394
893,1395
894,1400
895,1403
896,1404
897,1406
898,1407
899,1408
900,1409
901,1414
902,1415
903,1418
904,1419
905,1420
906,1421
907,1422
908,1424
909,1425
910,1426
911,1427
912,1428
913,1429
914,1430
915,1431
916,1432
917,1433
918,1434
919,1437
920,1438
921,1439
922,1440
923,1443
924,1444
925,1445
926,1446
927,1447
928,1448
929,1449
930,1452
931,1453
932,1454
933,1459
934,1460
935,1461
936,1462
937,1463
938,1464
939,1465
940,1466
941,1467
942,1468
943,1469
944,1470
945,1471
946,1472
947,1475
948,1476
949,1477
950,1478
951,1479
952,1480
953,1481
954,1482
<end>
</var/ftp/usrflash/Project/PMAC Script Language/PLC Programs/PLC13_SeqWs.plc>,13
0,7
1,8
2,9
3,10
4,15
5,16
6,17
7,18
8,19
9,20
10,23
11,24
12,25
13,27
14,28
15,29
16,30
17,31
18,32
19,34
20,35
21,36
22,37
23,42
24,43
25,44
26,45
27,46
28,47
29,48
30,49
31,50
32,51
33,52
34,53
35,54
36,55
37,56
38,59
39,60
40,61
41,62
42,63
43,64
44,65
45,66
46,67
47,68
48,69
49,70
50,71
51,74
52,75
53,76
54,77
55,78
56,79
57,80
58,81
59,82
60,83
61,84
62,85
63,86
64,87
65,90
66,93
67,94
68,95
69,96
70,97
71,98
72,99
73,100
74,101
75,102
76,103
77,104
78,107
79,108
80,109
81,110
82,111
83,112
84,113
85,114
86,115
87,116
88,117
89,118
90,119
91,122
92,123
93,124
94,125
95,126
96,127
97,128
98,131
99,132
100,133
101,134
102,135
103,136
104,137
105,138
106,139
107,140
108,141
109,142
110,143
111,146
112,147
113,148
114,149
115,150
116,151
117,152
118,154
119,155
120,156
121,157
122,165
123,166
124,167
125,168
126,169
127,170
128,171
129,172
130,177
131,178
132,179
133,180
134,181
135,182
136,183
137,184
138,185
139,186
140,188
141,189
142,195
143,200
144,203
145,204
146,205
147,208
148,209
149,210
150,212
151,213
152,214
153,215
154,217
155,218
156,219
157,220
158,221
159,222
160,223
161,224
162,225
163,226
164,227
165,239
166,240
167,241
168,242
169,243
170,244
171,245
172,246
173,247
174,248
175,249
176,250
177,253
178,254
179,255
180,256
181,257
182,258
183,259
184,260
185,261
186,291
187,293
188,294
189,295
190,298
191,299
192,300
193,360
194,361
195,362
196,363
197,364
198,366
199,367
200,368
201,369
202,370
203,371
204,372
205,373
206,374
207,375
208,376
209,377
210,378
211,379
212,380
213,381
214,384
215,385
216,386
217,387
218,388
219,389
220,390
221,391
222,392
223,393
224,394
225,395
226,396
227,397
228,398
229,399
230,400
231,401
232,402
233,403
234,404
235,405
236,406
237,407
238,408
239,409
240,410
241,411
242,412
243,413
244,414
245,415
246,416
247,417
248,418
249,419
250,420
251,421
252,422
253,423
254,424
255,425
256,428
257,429
258,430
259,431
260,432
261,433
262,434
263,436
264,437
265,440
266,442
267,443
268,455
269,456
270,457
271,458
272,459
273,460
274,461
275,462
276,463
277,464
278,465
279,466
280,467
281,468
282,469
283,470
284,473
285,474
286,475
287,476
288,477
289,478
290,479
291,480
292,481
293,482
294,483
295,484
296,485
297,486
298,487
299,488
300,489
301,490
302,491
303,492
304,495
305,496
306,497
307,499
308,500
309,501
310,502
311,504
312,505
313,507
314,508
315,509
316,510
317,512
318,513
319,514
320,515
321,517
322,518
323,520
324,521
325,522
326,523
327,524
328,525
329,526
330,527
331,528
332,529
333,534
334,537
335,538
336,539
337,542
338,544
339,545
340,600
341,601
342,602
343,603
344,604
345,606
346,607
347,608
348,611
349,612
350,613
351,614
352,615
353,616
354,617
355,622
356,623
357,624
358,625
359,626
360,628
361,631
362,632
363,633
364,635
365,636
366,637
367,638
368,639
369,640
370,642
371,643
372,644
373,645
374,650
375,651
376,653
377,654
378,655
379,656
380,657
381,658
382,659
383,660
384,661
385,662
386,663
387,664
388,665
389,668
390,669
391,670
392,671
393,672
394,673
395,674
396,675
397,676
398,677
399,678
400,679
401,680
402,683
403,684
404,685
405,686
406,687
407,688
408,689
409,690
410,691
411,692
412,693
413,694
414,695
415,696
416,699
417,701
418,702
419,703
420,704
421,705
422,706
423,707
424,708
425,709
426,710
427,711
428,712
429,715
430,716
431,717
432,718
433,719
434,720
435,721
436,722
437,723
438,725
439,727
440,728
441,729
442,741
443,742
444,743
445,744
446,745
447,746
448,747
449,748
450,749
451,750
452,751
453,752
454,753
455,756
456,757
457,758
458,759
459,760
460,761
461,762
462,764
463,765
464,766
465,767
466,768
467,769
468,770
469,771
470,772
471,773
472,774
473,775
474,780
475,782
476,783
477,784
478,787
479,789
480,790
481,849
482,850
483,851
484,852
485,853
486,854
487,855
488,856
489,857
490,858
491,860
492,861
493,867
494,872
495,875
496,876
497,877
498,880
499,881
500,882
501,885
502,886
503,887
504,888
505,889
506,890
507,891
508,892
509,893
510,894
511,895
512,907
513,909
514,910
515,911
516,912
517,913
518,914
519,915
520,916
521,917
522,918
523,919
524,920
525,923
526,924
527,925
528,926
529,927
530,928
531,929
532,930
533,931
534,934
535,936
536,937
537,938
538,939
539,940
540,941
541,942
542,943
543,944
544,945
545,946
546,947
547,1000
548,1001
549,1002
550,1004
551,1005
552,1006
553,1007
554,1008
555,1009
556,1010
557,1013
558,1015
559,1016
560,1024
561,1036
562,1037
563,1038
564,1039
565,1041
566,1042
567,1043
568,1044
569,1045
570,1046
571,1047
572,1048
573,1050
574,1051
575,1052
576,1053
577,1054
578,1055
579,1056
580,1057
581,1058
582,1059
583,1060
584,1061
585,1063
586,1064
587,1065
588,1066
589,1067
590,1068
591,1069
592,1070
593,1071
594,1072
595,1073
596,1074
597,1075
598,1076
599,1077
600,1078
601,1079
602,1080
603,1081
604,1082
605,1083
606,1084
607,1085
608,1086
609,1092
610,1094
611,1096
612,1097
613,1133
614,1134
615,1135
616,1136
617,1137
618,1138
619,1141
620,1142
621,1143
622,1144
623,1145
624,1146
625,1147
626,1152
627,1153
628,1154
629,1155
630,1156
631,1159
632,1160
633,1161
634,1162
635,1163
636,1165
637,1166
638,1167
639,1168
640,1169
641,1171
642,1172
643,1173
644,1174
645,1175
646,1176
647,1178
648,1179
649,1180
650,1181
651,1186
652,1187
653,1189
654,1190
655,1191
656,1192
657,1193
658,1194
659,1195
660,1196
661,1197
662,1198
663,1199
664,1200
665,1201
666,1202
667,1205
668,1206
669,1207
670,1208
671,1209
672,1210
673,1211
674,1212
675,1213
676,1214
677,1215
678,1216
679,1217
680,1218
681,1221
682,1222
683,1223
684,1224
685,1225
686,1226
687,1227
688,1228
689,1229
690,1230
691,1231
692,1232
693,1233
694,1234
695,1235
696,1238
697,1240
698,1241
699,1242
700,1243
701,1244
702,1245
703,1246
704,1247
705,1248
706,1249
707,1250
708,1251
709,1254
710,1255
711,1256
712,1257
713,1258
714,1259
715,1260
716,1261
717,1262
718,1264
719,1266
720,1267
721,1268
722,1280
723,1281
724,1282
725,1283
726,1284
727,1285
728,1286
729,1287
730,1288
731,1289
732,1290
733,1291
734,1292
735,1295
736,1296
737,1297
738,1298
739,1299
740,1300
741,1301
742,1303
743,1304
744,1305
745,1306
746,1307
747,1308
748,1309
749,1310
750,1311
751,1312
752,1313
753,1314
754,1319
755,1321
756,1322
757,1323
758,1326
759,1328
760,1329
761,1356
762,1358
763,1359
764,1360
765,1363
766,1364
767,1365
768,1366
769,1367
770,1368
771,1369
772,1370
773,1371
774,1372
775,1373
776,1374
777,1375
778,1380
779,1381
780,1382
781,1383
782,1384
783,1385
784,1386
785,1387
786,1388
787,1389
788,1391
789,1392
790,1398
791,1403
792,1406
793,1407
794,1408
795,1411
796,1412
797,1413
798,1416
799,1418
800,1419
801,1420
802,1421
803,1422
804,1423
805,1424
806,1425
807,1426
808,1427
809,1428
810,1458
811,1459
812,1460
813,1461
814,1462
815,1463
816,1464
817,1465
818,1467
819,1469
820,1470
821,1471
822,1472
823,1473
824,1474
825,1475
826,1476
827,1477
828,1478
829,1490
830,1491
831,1492
832,1493
833,1494
834,1495
835,1496
836,1497
837,1498
838,1499
839,1500
840,1501
841,1502
842,1503
843,1504
844,1505
845,1506
846,1507
847,1508
848,1509
849,1510
850,1511
851,1512
852,1513
853,1516
854,1518
855,1519
856,1520
857,1521
858,1522
859,1523
860,1524
861,1525
862,1526
863,1527
864,1528
865,1531
866,1532
867,1533
868,1534
869,1535
870,1536
871,1537
872,1538
873,1539
874,1544
875,1545
876,1546
877,1547
878,1549
879,1550
880,1552
881,1553
882,1554
883,1555
884,1556
885,1557
886,1558
887,1559
888,1561
889,1563
890,1564
891,1576
892,1577
893,1579
894,1580
895,1581
896,1582
897,1583
898,1584
899,1585
900,1586
901,1587
902,1588
903,1589
904,1590
905,1591
906,1592
907,1593
908,1594
909,1595
910,1596
911,1597
912,1598
913,1599
914,1600
915,1601
916,1602
917,1603
918,1604
919,1605
920,1606
921,1607
922,1608
923,1609
924,1610
925,1611
926,1612
927,1613
928,1614
929,1615
930,1621
931,1622
932,1623
933,1624
934,1625
935,1636
936,1637
937,1638
938,1640
939,1641
940,1642
941,1654
942,1655
943,1656
944,1657
945,1658
946,1659
947,1660
948,1661
949,1662
950,1663
951,1664
952,1665
953,1666
954,1671
955,1672
956,1673
957,1674
958,1675
959,1676
960,1677
961,1678
962,1679
963,1681
964,1683
965,1684
966,1685
967,1697
968,1698
969,1699
970,1700
971,1701
972,1702
973,1703
974,1704
975,1705
976,1706
977,1707
978,1708
979,1709
980,1710
981,1713
982,1714
983,1715
984,1716
985,1717
986,1718
987,1719
988,1721
989,1722
990,1723
991,1724
992,1736
993,1737
994,1738
995,1739
996,1740
997,1741
998,1742
999,1743
1000,1744
1001,1745
1002,1746
1003,1747
1004,1748
1005,1753
1006,1754
1007,1755
1008,1756
1009,1757
1010,1759
1011,1760
1012,1763
1013,1764
1014,1765
1015,1766
1016,1767
1017,1768
1018,1769
1019,1770
1020,1771
1021,1773
1022,1778
1023,1779
1024,1780
1025,1781
1026,1782
1027,1785
1028,1786
1029,1787
1030,1789
1031,1790
1032,1791
1033,1792
1034,1793
1035,1794
1036,1796
1037,1797
1038,1798
1039,1799
1040,1804
1041,1805
1042,1807
1043,1808
1044,1809
1045,1810
1046,1811
1047,1812
1048,1813
1049,1814
1050,1815
1051,1816
1052,1817
1053,1818
1054,1819
1055,1822
1056,1823
1057,1824
1058,1825
1059,1826
1060,1827
1061,1828
1062,1829
1063,1830
1064,1831
1065,1832
1066,1833
1067,1834
1068,1837
1069,1838
1070,1839
1071,1840
1072,1841
1073,1842
1074,1843
1075,1844
1076,1845
1077,1846
1078,1847
1079,1848
1080,1849
1081,1850
1082,1853
1083,1855
1084,1856
1085,1857
1086,1858
1087,1859
1088,1860
1089,1861
1090,1862
1091,1863
1092,1864
1093,1865
1094,1866
1095,1869
1096,1870
1097,1871
1098,1872
1099,1873
1100,1874
1101,1875
1102,1876
1103,1877
1104,1879
1105,1881
1106,1882
1107,1883
1108,1895
1109,1896
1110,1897
1111,1898
1112,1899
1113,1900
1114,1901
1115,1902
1116,1903
1117,1904
1118,1905
1119,1906
1120,1907
1121,1910
1122,1911
1123,1912
1124,1943
1125,1948
1126,1949
1127,1950
1128,1951
1129,1952
1130,1953
1131,1954
1132,1955
1133,1956
1134,1957
1135,1959
1136,1960
1137,1967
1138,1972
1139,1975
1140,1976
1141,1977
1142,1980
1143,1981
1144,1982
1145,1985
1146,1987
1147,1988
1148,1989
1149,1990
1150,1991
1151,1992
1152,1993
1153,1994
1154,1995
1155,1996
1156,2008
1157,2011
1158,2012
1159,2013
1160,2014
1161,2015
1162,2016
1163,2017
1164,2018
1165,2019
1166,2020
1167,2021
1168,2024
1169,2025
1170,2026
1171,2027
1172,2028
1173,2029
1174,2030
1175,2031
1176,2032
1177,2037
1178,2038
1179,2039
1180,2040
1181,2041
1182,2042
1183,2045
1184,2046
1185,2047
1186,2048
1187,2049
1188,2050
1189,2051
1190,2056
1191,2057
1192,2058
1193,2059
1194,2060
1195,2062
1196,2063
1197,2065
1198,2066
1199,2067
1200,2068
1201,2070
1202,2071
1203,2072
1204,2073
1205,2074
1206,2075
1207,2077
1208,2078
1209,2079
1210,2080
1211,2085
1212,2086
1213,2088
1214,2089
1215,2090
1216,2091
1217,2092
1218,2093
1219,2094
1220,2095
1221,2096
1222,2097
1223,2098
1224,2099
1225,2100
1226,2103
1227,2104
1228,2105
1229,2106
1230,2107
1231,2108
1232,2109
1233,2110
1234,2111
1235,2112
1236,2113
1237,2114
1238,2115
1239,2118
1240,2119
1241,2120
1242,2121
1243,2122
1244,2123
1245,2124
1246,2125
1247,2126
1248,2127
1249,2128
1250,2129
1251,2130
1252,2131
1253,2134
1254,2136
1255,2137
1256,2138
1257,2139
1258,2140
1259,2141
1260,2142
1261,2143
1262,2144
1263,2145
1264,2146
1265,2147
1266,2150
1267,2151
1268,2152
1269,2153
1270,2154
1271,2155
1272,2156
1273,2157
1274,2158
1275,2160
1276,2161
1277,2162
1278,2163
1279,2175
1280,2176
1281,2177
1282,2179
1283,2180
1284,2182
1285,2183
1286,2184
1287,2185
1288,2186
1289,2187
1290,2188
1291,2189
1292,2190
1293,2191
1294,2194
1295,2195
1296,2196
1297,2197
1298,2198
1299,2199
1300,2200
1301,2202
1302,2203
1303,2204
1304,2205
1305,2206
1306,2207
1307,2208
1308,2209
1309,2210
1310,2211
1311,2212
1312,2213
1313,2218
1314,2220
1315,2221
1316,2222
1317,2225
1318,2226
1319,2227
1320,2278
1321,2280
1322,2281
1323,2282
1324,2283
1325,2284
1326,2285
1327,2286
1328,2287
1329,2289
1330,2290
1331,2291
1332,2292
1333,2304
1334,2305
1335,2306
1336,2307
1337,2308
1338,2309
1339,2310
1340,2311
1341,2312
1342,2313
1343,2314
1344,2315
1345,2316
1346,2321
1347,2322
1348,2323
1349,2324
1350,2325
1351,2326
1352,2327
1353,2328
1354,2329
1355,2330
1356,2332
1357,2333
1358,2340
1359,2345
1360,2348
1361,2349
1362,2350
1363,2353
1364,2354
1365,2355
1366,2358
1367,2359
1368,2360
1369,2361
1370,2362
1371,2363
1372,2364
1373,2365
1374,2366
1375,2367
1376,2368
1377,2380
1378,2382
1379,2383
1380,2384
1381,2385
1382,2386
1383,2387
1384,2388
1385,2389
1386,2390
1387,2391
1388,2392
1389,2395
1390,2396
1391,2397
1392,2398
1393,2399
1394,2400
1395,2401
1396,2402
1397,2403
1398,2451
1399,2453
1400,2454
1401,2455
1402,2458
1403,2459
1404,2460
1405,2487
1406,2489
1407,2490
1408,2492
1409,2493
1410,2494
1411,2495
1412,2496
1413,2497
1414,2498
1415,2501
1416,2502
1417,2503
1418,2504
1419,2516
1420,2517
1421,2518
1422,2520
1423,2521
1424,2522
1425,2523
1426,2524
1427,2525
1428,2526
1429,2527
1430,2528
1431,2529
1432,2530
1433,2533
1434,2534
1435,2535
1436,2536
1437,2537
1438,2539
1439,2541
1440,2542
1441,2543
1442,2555
1443,2556
1444,2557
1445,2558
1446,2559
1447,2560
1448,2561
1449,2562
1450,2563
1451,2564
1452,2565
1453,2566
1454,2567
1455,2568
1456,2581
1457,2582
1458,2583
1459,2585
1460,2587
1461,2588
1462,2600
1463,2601
1464,2602
1465,2603
1466,2604
1467,2605
1468,2606
1469,2607
1470,2608
1471,2609
1472,2610
1473,2611
1474,2612
1475,2613
1476,2616
1477,2617
1478,2618
1479,2619
1480,2620
1481,2622
1482,2623
1483,2624
1484,2625
1485,2637
1486,2638
1487,2639
1488,2640
1489,2641
1490,2642
1491,2645
1492,2646
1493,2649
1494,2650
1495,2651
1496,2652
1497,2653
1498,2654
1499,2657
1500,2658
1501,2661
1502,2662
1503,2663
1504,2666
1505,2667
1506,2668
1507,2669
1508,2670
1509,2671
1510,2672
1511,2673
1512,2674
1513,2680
1514,2682
1515,2683
1516,2684
1517,2687
1518,2688
1519,2689
1520,2737
1521,2738
1522,2739
1523,2740
1524,2741
1525,2742
1526,2745
1527,2746
1528,2747
1529,2748
1530,2749
1531,2750
1532,2751
1533,2756
1534,2757
1535,2758
1536,2759
1537,2760
1538,2763
1539,2764
1540,2765
1541,2767
1542,2768
1543,2769
1544,2770
1545,2771
1546,2772
1547,2774
1548,2775
1549,2776
1550,2777
1551,2782
1552,2783
1553,2785
1554,2786
1555,2787
1556,2788
1557,2789
1558,2790
1559,2791
1560,2792
1561,2793
1562,2794
1563,2795
1564,2796
1565,2797
1566,2800
1567,2801
1568,2802
1569,2803
1570,2804
1571,2805
1572,2806
1573,2807
1574,2808
1575,2809
1576,2810
1577,2811
1578,2812
1579,2815
1580,2816
1581,2817
1582,2818
1583,2819
1584,2820
1585,2821
1586,2822
1587,2823
1588,2824
1589,2825
1590,2826
1591,2827
1592,2828
1593,2831
1594,2833
1595,2834
1596,2835
1597,2836
1598,2837
1599,2838
1600,2839
1601,2840
1602,2841
1603,2842
1604,2843
1605,2844
1606,2847
1607,2848
1608,2849
1609,2850
1610,2851
1611,2852
1612,2853
1613,2854
1614,2855
1615,2857
1616,2858
1617,2859
1618,2860
1619,2872
1620,2873
1621,2874
1622,2875
1623,2876
1624,2877
1625,2878
1626,2879
1627,2880
1628,2881
1629,2882
1630,2883
1631,2884
1632,2887
1633,2888
1634,2889
1635,2890
1636,2891
1637,2892
1638,2893
1639,2895
1640,2896
1641,2897
1642,2898
1643,2899
1644,2900
1645,2901
1646,2902
1647,2903
1648,2904
1649,2905
1650,2906
1651,2911
1652,2913
1653,2914
1654,2915
1655,2918
1656,2919
1657,2920
1658,2971
1659,2972
1660,2973
1661,2974
1662,2975
1663,2976
1664,2977
1665,2978
1666,2979
1667,2980
1668,2982
1669,2983
1670,2989
1671,2994
1672,2997
1673,2998
1674,2999
1675,3002
1676,3003
1677,3004
1678,3006
1679,3007
1680,3008
1681,3009
1682,3011
1683,3012
1684,3013
1685,3014
1686,3015
1687,3016
1688,3017
1689,3018
1690,3019
1691,3020
1692,3021
1693,3033
1694,3035
1695,3036
1696,3037
1697,3038
1698,3039
1699,3040
1700,3041
1701,3042
1702,3043
1703,3044
1704,3045
1705,3048
1706,3049
1707,3050
1708,3051
1709,3052
1710,3053
1711,3054
1712,3055
1713,3056
1714,3119
1715,3121
1716,3122
1717,3123
1718,3126
1719,3127
1720,3128
1721,3155
1722,3156
1723,3157
1724,3158
1725,3159
1726,3160
1727,3161
1728,3162
1729,3163
1730,3164
1731,3165
1732,3166
1733,3167
1734,3168
1735,3169
1736,3170
1737,3171
1738,3172
1739,3173
1740,3174
1741,3175
1742,3176
1743,3179
1744,3180
1745,3181
1746,3183
1747,3184
1748,3185
1749,3186
1750,3187
1751,3188
1752,3189
1753,3190
1754,3191
1755,3192
1756,3193
1757,3194
1758,3195
1759,3198
1760,3199
1761,3200
1762,3201
1763,3202
1764,3203
1765,3204
1766,3205
1767,3206
1768,3207
1769,3208
1770,3209
1771,3210
1772,3211
1773,3212
1774,3213
1775,3214
1776,3215
1777,3216
1778,3222
1779,3224
1780,3225
1781,3226
1782,3229
1783,3230
1784,3231
1785,3259
1786,3260
1787,3261
1788,3262
1789,3263
1790,3264
1791,3267
1792,3268
1793,3269
1794,3270
1795,3271
1796,3272
1797,3273
1798,3274
<end>
</var/ftp/usrflash/Project/PMAC Script Language/PLC Programs/PLC14_SeqVs.plc>,14
0,7
1,8
2,13
3,14
4,15
5,16
6,17
7,20
8,21
9,22
10,24
11,25
12,26
13,27
14,28
15,29
16,31
17,32
18,33
19,34
20,39
21,40
22,42
23,43
24,44
25,45
26,46
27,47
28,48
29,49
30,50
31,51
32,52
33,53
34,54
35,57
36,58
37,59
38,60
39,61
40,62
41,63
42,64
43,65
44,66
45,67
46,68
47,69
48,72
49,73
50,74
51,75
52,76
53,77
54,78
55,79
56,80
57,81
58,82
59,83
60,84
61,85
62,88
63,90
64,91
65,92
66,93
67,94
68,95
69,96
70,97
71,98
72,99
73,100
74,101
75,104
76,105
77,106
78,107
79,108
80,109
81,110
82,112
83,113
84,114
85,115
86,120
87,121
88,124
89,125
90,126
91,127
92,128
93,129
94,134
95,135
96,136
97,138
98,139
99,140
100,152
101,153
102,154
103,155
104,156
105,157
106,158
107,159
108,160
109,161
110,162
111,163
112,164
113,169
114,170
115,171
116,172
117,173
118,174
119,175
120,176
121,177
122,178
123,180
124,181
125,183
126,188
127,194
128,195
129,196
130,199
131,200
132,201
133,203
134,204
135,205
136,206
137,207
138,208
139,209
140,210
141,211
142,212
143,213
144,216
145,217
146,218
147,219
148,220
149,221
150,222
151,225
152,227
153,228
154,229
155,230
156,231
157,232
158,233
159,234
160,235
161,236
162,237
163,240
164,241
165,242
166,243
167,244
168,245
169,246
170,247
171,248
172,311
173,312
174,313
175,314
176,315
177,316
178,319
179,320
180,321
181,322
182,323
183,324
184,325
185,328
186,329
187,330
188,331
189,332
190,333
191,334
192,335
193,336
194,337
195,338
196,339
197,340
198,341
199,344
200,345
201,346
202,347
203,348
204,349
205,350
206,351
207,352
208,355
209,356
210,357
211,358
212,359
213,360
214,361
215,364
216,365
217,366
218,376
219,377
220,378
221,379
222,380
223,381
224,382
225,383
226,384
227,385
228,386
229,389
230,390
231,391
232,392
233,393
234,394
235,399
236,400
237,401
238,402
239,403
240,404
241,407
242,408
243,409
244,410
245,411
246,412
247,413
248,416
249,417
250,418
251,420
252,421
253,422
254,423
255,425
256,426
257,427
258,429
259,431
260,432
261,433
262,434
263,435
264,436
265,437
266,439
267,440
268,441
269,443
270,445
271,446
272,449
273,450
274,451
275,452
276,453
277,455
278,456
279,458
280,459
281,460
282,462
283,464
284,465
285,468
286,469
287,470
288,471
289,472
290,473
291,474
292,475
293,476
294,477
295,478
296,479
297,530
298,531
299,532
300,533
301,534
302,535
303,538
304,539
305,540
306,541
307,542
308,543
309,544
310,549
311,550
312,551
313,552
314,553
315,556
316,557
317,558
318,560
319,561
320,562
321,563
322,564
323,565
324,567
325,568
326,569
327,570
328,575
329,576
330,578
331,579
332,580
333,581
334,582
335,583
336,584
337,585
338,586
339,587
340,588
341,589
342,590
343,593
344,594
345,595
346,596
347,597
348,598
349,599
350,600
351,601
352,602
353,603
354,604
355,605
356,608
357,609
358,610
359,611
360,612
361,613
362,614
363,615
364,616
365,617
366,618
367,619
368,620
369,621
370,639
371,640
372,641
373,642
374,643
375,644
376,645
377,647
378,648
379,649
380,650
381,651
382,652
383,653
384,654
385,655
386,656
387,657
388,658
389,687
390,688
391,689
392,690
393,691
394,692
395,693
396,694
397,695
398,696
399,698
400,699
401,703
402,708
403,711
404,712
405,713
406,716
407,717
408,718
409,720
410,721
411,722
412,723
413,724
414,725
415,726
416,727
417,728
418,729
419,730
420,733
421,734
422,735
423,736
424,737
425,738
426,739
427,742
428,744
429,745
430,746
431,747
432,748
433,749
434,750
435,751
436,752
437,753
438,754
439,757
440,758
441,759
442,760
443,761
444,762
445,763
446,764
447,765
448,770
449,771
450,772
451,773
452,774
453,777
454,778
455,779
456,780
457,781
458,782
459,783
460,788
461,789
462,790
463,791
464,792
465,794
466,795
467,798
468,799
469,800
470,802
471,803
472,804
473,805
474,806
475,807
476,808
477,810
478,811
479,812
480,813
481,818
482,819
483,821
484,822
485,823
486,824
487,825
488,826
489,827
490,828
491,829
492,830
493,831
494,832
495,833
496,836
497,837
498,838
499,839
500,840
501,841
502,842
503,843
504,844
505,845
506,846
507,847
508,848
509,851
510,852
511,853
512,854
513,855
514,856
515,857
516,858
517,859
518,860
519,861
520,862
521,863
522,864
523,882
524,883
525,884
526,885
527,886
528,889
529,890
530,891
531,893
532,894
533,895
534,898
535,899
536,900
537,901
538,902
539,903
540,904
541,905
542,906
543,907
544,938
545,939
546,940
547,941
548,942
549,943
550,944
551,945
552,946
553,947
554,949
555,950
556,954
557,959
558,962
559,963
560,964
561,967
562,968
563,969
564,971
565,972
566,973
567,974
568,975
569,976
570,977
571,978
572,979
573,980
574,981
575,982
576,985
577,986
578,987
579,988
580,989
581,990
582,991
583,994
584,996
585,997
586,998
587,999
588,1000
589,1001
590,1002
591,1003
592,1004
593,1005
594,1006
595,1007
596,1010
597,1011
598,1012
599,1013
600,1014
601,1015
602,1016
603,1017
604,1018
605,1043
606,1044
607,1045
608,1046
609,1048
610,1049
611,1050
612,1051
613,1052
614,1053
615,1054
616,1055
617,1056
618,1057
619,1058
620,1059
621,1060
622,1061
623,1062
624,1063
625,1064
626,1065
627,1066
628,1067
629,1068
630,1069
631,1070
632,1071
633,1072
634,1073
635,1074
636,1075
637,1076
638,1077
639,1078
640,1079
641,1082
642,1083
643,1084
644,1085
645,1086
646,1087
647,1088
648,1091
649,1092
650,1094
651,1095
652,1096
653,1097
654,1098
655,1099
656,1100
657,1101
658,1102
659,1103
660,1104
661,1105
662,1106
663,1107
664,1108
665,1109
666,1110
667,1111
668,1112
669,1113
670,1114
671,1115
672,1116
673,1117
674,1118
675,1119
676,1121
677,1123
678,1124
679,1125
680,1189
681,1190
682,1191
683,1192
684,1193
685,1194
686,1197
687,1198
688,1199
689,1200
690,1201
691,1202
692,1203
693,1208
694,1209
695,1210
696,1211
697,1212
698,1215
699,1216
700,1217
701,1219
702,1220
703,1221
704,1222
705,1223
706,1224
707,1226
708,1227
709,1228
710,1229
711,1234
712,1235
713,1237
714,1238
715,1239
716,1240
717,1241
718,1242
719,1243
720,1244
721,1245
722,1246
723,1247
724,1248
725,1249
726,1252
727,1253
728,1254
729,1255
730,1256
731,1257
732,1258
733,1259
734,1260
735,1261
736,1262
737,1263
738,1264
739,1267
740,1268
741,1269
742,1270
743,1271
744,1272
745,1273
746,1274
747,1275
748,1276
749,1277
750,1278
751,1279
752,1280
753,1283
754,1285
755,1286
756,1287
757,1288
758,1289
759,1290
760,1291
761,1292
762,1293
763,1294
764,1295
765,1296
766,1331
767,1332
768,1333
769,1334
770,1335
771,1336
772,1337
773,1338
774,1339
775,1340
776,1342
777,1343
778,1347
779,1352
780,1355
781,1356
782,1357
783,1360
784,1361
785,1362
786,1364
787,1365
788,1366
789,1367
790,1368
791,1369
792,1370
793,1371
794,1372
795,1373
796,1374
797,1377
798,1378
799,1379
800,1380
801,1381
802,1382
803,1383
804,1386
805,1387
806,1388
807,1389
808,1390
809,1391
810,1392
811,1393
812,1394
813,1395
814,1396
815,1397
816,1400
817,1401
818,1402
819,1403
820,1404
821,1405
822,1406
823,1407
824,1408
825,1413
826,1414
827,1415
828,1416
829,1417
830,1418
831,1421
832,1422
833,1423
834,1424
835,1425
836,1426
837,1427
838,1432
839,1433
840,1434
841,1435
842,1436
843,1439
844,1440
845,1441
846,1443
847,1444
848,1445
849,1446
850,1447
851,1448
852,1450
853,1451
854,1452
855,1453
856,1458
857,1459
858,1461
859,1462
860,1463
861,1464
862,1465
863,1466
864,1467
865,1468
866,1469
867,1470
868,1471
869,1472
870,1473
871,1476
872,1477
873,1478
874,1479
875,1480
876,1481
877,1482
878,1483
879,1484
880,1485
881,1486
882,1487
883,1488
884,1491
885,1492
886,1493
887,1494
888,1495
889,1496
890,1497
891,1498
892,1499
893,1500
894,1501
895,1502
896,1503
897,1504
898,1507
899,1509
900,1510
901,1511
902,1512
903,1513
904,1514
905,1515
906,1516
907,1517
908,1518
909,1519
910,1520
911,1523
912,1524
913,1525
914,1526
915,1527
916,1528
917,1529
918,1530
919,1532
920,1533
921,1534
922,1535
923,1536
924,1537
925,1538
926,1539
927,1540
928,1541
929,1542
930,1543
931,1544
932,1574
933,1575
934,1576
935,1577
936,1578
937,1579
938,1580
939,1581
940,1582
941,1583
942,1585
943,1586
944,1591
945,1596
946,1599
947,1600
948,1601
949,1604
950,1605
951,1606
952,1608
953,1609
954,1610
955,1611
956,1612
957,1613
958,1614
959,1615
960,1616
961,1617
962,1618
963,1621
964,1622
965,1623
966,1624
967,1625
968,1626
969,1627
970,1630
971,1632
972,1633
973,1634
974,1635
975,1636
976,1637
977,1639
978,1640
979,1641
980,1642
981,1643
982,1644
983,1645
984,1646
985,1647
986,1649
987,1650
988,1651
989,1652
990,1653
991,1654
992,1655
993,1656
994,1658
995,1659
996,1660
997,1661
998,1662
999,1663
1000,1664
1001,1665
1002,1666
1003,1668
1004,1669
1005,1670
1006,1671
1007,1672
1008,1675
1009,1678
1010,1679
1011,1680
1012,1681
1013,1682
1014,1683
1015,1684
1016,1685
1017,1686
1018,1687
1019,1688
1020,1691
1021,1692
1022,1693
1023,1696
1024,1697
1025,1698
1026,1699
1027,1700
1028,1701
1029,1702
1030,1703
1031,1704
1032,1768
1033,1769
1034,1770
1035,1771
1036,1772
1037,1773
1038,1774
1039,1776
1040,1777
1041,1778
1042,1779
1043,1780
1044,1781
1045,1782
1046,1783
1047,1784
1048,1785
1049,1786
1050,1787
1051,1789
1052,1790
1053,1791
1054,1792
1055,1793
1056,1794
1057,1795
1058,1796
1059,1797
1060,1798
1061,1799
1062,1800
1063,1801
1064,1802
1065,1803
1066,1804
1067,1805
1068,1806
1069,1807
1070,1808
1071,1809
1072,1810
1073,1811
1074,1812
1075,1813
1076,1814
1077,1815
1078,1817
1079,1818
1080,1819
1081,1820
1082,1821
1083,1822
1084,1823
1085,1825
1086,1828
1087,1830
1088,1831
1089,1832
1090,1833
1091,1835
1092,1836
1093,1837
1094,1838
1095,1839
1096,1840
1097,1841
1098,1842
1099,1843
1100,1844
1101,1845
1102,1846
1103,1847
1104,1848
1105,1849
1106,1850
1107,1852
1108,1853
1109,1854
1110,1855
1111,1856
1112,1857
1113,1858
1114,1859
1115,1860
1116,1861
1117,1862
1118,1863
1119,1865
1120,1868
1121,1869
1122,1870
1123,1871
1124,1872
1125,1873
1126,1874
1127,1875
1128,1876
1129,1877
1130,1878
1131,1879
1132,1880
1133,1881
1134,1882
1135,1883
1136,1884
1137,1885
1138,1886
1139,1891
1140,1892
1141,1893
1142,1894
1143,1895
1144,1896
1145,1899
1146,1900
1147,1901
1148,1902
1149,1903
1150,1904
1151,1905
1152,1910
1153,1911
1154,1912
1155,1913
1156,1914
1157,1917
1158,1918
1159,1919
1160,1921
1161,1922
1162,1923
1163,1924
1164,1925
1165,1926
1166,1928
1167,1929
1168,1930
1169,1931
1170,1936
1171,1937
1172,1939
1173,1940
1174,1941
1175,1942
1176,1943
1177,1944
1178,1945
1179,1946
1180,1947
1181,1948
1182,1949
1183,1950
1184,1951
1185,1954
1186,1955
1187,1956
1188,1957
1189,1958
1190,1959
1191,1960
1192,1961
1193,1962
1194,1963
1195,1964
1196,1965
1197,1966
1198,1969
1199,1970
1200,1971
1201,1972
1202,1973
1203,1974
1204,1975
1205,1976
1206,1977
1207,1978
1208,1979
1209,1980
1210,1981
1211,1982
1212,1985
1213,1987
1214,1988
1215,1989
1216,1990
1217,1991
1218,1992
1219,1993
1220,1994
1221,1995
1222,1996
1223,1997
1224,1998
1225,2001
1226,2002
1227,2003
1228,2004
1229,2005
1230,2006
1231,2007
1232,2009
1233,2010
1234,2011
1235,2012
1236,2013
1237,2014
1238,2015
1239,2016
1240,2017
1241,2018
1242,2019
1243,2020
1244,2049
1245,2050
1246,2051
1247,2052
1248,2053
1249,2054
1250,2055
1251,2056
1252,2057
1253,2058
1254,2060
1255,2061
1256,2065
1257,2070
1258,2073
1259,2074
1260,2075
1261,2078
1262,2079
1263,2080
1264,2082
1265,2083
1266,2084
1267,2085
1268,2086
1269,2087
1270,2088
1271,2089
1272,2090
1273,2091
1274,2092
1275,2093
1276,2094
1277,2095
1278,2096
1279,2099
1280,2100
1281,2101
1282,2102
1283,2103
1284,2104
1285,2105
1286,2108
1287,2111
1288,2112
1289,2113
1290,2114
1291,2115
1292,2116
1293,2117
1294,2118
1295,2119
1296,2120
1297,2121
1298,2124
1299,2125
1300,2126
1301,2127
1302,2128
1303,2129
1304,2130
1305,2131
1306,2132
1307,2195
1308,2196
1309,2197
1310,2198
1311,2199
1312,2200
1313,2201
1314,2202
1315,2203
1316,2204
1317,2205
1318,2206
1319,2207
1320,2208
1321,2209
1322,2210
1323,2211
1324,2212
1325,2213
1326,2214
1327,2215
1328,2216
1329,2219
1330,2220
1331,2221
1332,2223
1333,2224
1334,2225
1335,2226
1336,2227
1337,2228
1338,2229
1339,2230
1340,2231
1341,2232
1342,2233
1343,2234
1344,2235
1345,2238
1346,2239
1347,2240
1348,2241
1349,2242
1350,2243
1351,2244
1352,2246
1353,2247
1354,2248
1355,2249
1356,2250
1357,2251
1358,2252
1359,2253
1360,2254
1361,2255
1362,2256
1363,2257
1364,2262
1365,2263
1366,2264
1367,2265
1368,2266
1369,2267
1370,2270
1371,2271
1372,2272
1373,2273
1374,2274
1375,2275
1376,2276
1377,2277
<end>
</var/ftp/usrflash/Project/PMAC Script Language/PLC Programs/PLC20_Cylinder.plc>,20
0,10
1,11
2,12
3,13
4,14
5,15
6,16
7,17
8,18
9,19
10,20
11,21
12,23
13,24
14,25
15,26
16,27
17,28
18,29
19,30
20,31
21,32
22,33
23,34
24,36
25,37
26,38
27,39
28,40
29,41
30,42
31,43
32,44
33,45
34,46
35,47
36,49
37,50
38,51
39,52
40,53
41,54
42,55
43,56
44,57
45,58
46,59
47,60
48,62
49,63
50,64
51,65
52,66
53,67
54,68
55,69
56,70
57,71
58,72
59,73
60,75
61,76
62,77
63,78
64,79
65,80
66,81
67,82
68,83
69,84
70,85
71,86
72,101
73,102
74,103
75,104
76,105
77,106
78,107
79,108
80,109
81,110
82,111
83,112
84,113
85,120
86,121
87,123
88,124
89,125
90,126
91,127
92,128
93,129
94,130
95,135
96,136
97,137
98,139
99,140
100,141
101,142
102,143
103,144
104,145
105,146
106,147
107,148
108,149
109,150
110,151
111,152
112,153
113,155
114,156
115,157
116,158
117,159
118,160
119,161
120,162
121,164
122,165
123,167
124,168
125,169
126,170
127,171
128,172
129,173
130,174
131,175
132,176
133,177
134,178
135,181
136,182
137,184
138,185
139,186
140,187
141,188
142,189
143,190
144,191
145,196
146,197
147,198
148,199
149,200
150,201
151,202
152,204
153,205
154,206
155,207
156,208
157,210
158,211
159,212
160,213
161,215
162,216
163,217
164,218
165,219
166,220
167,222
168,223
169,224
170,225
171,227
172,228
173,229
174,230
175,231
176,232
177,235
178,236
179,237
180,238
181,239
182,240
183,243
184,244
185,245
186,246
187,247
188,248
189,249
190,250
191,251
192,252
193,253
194,254
195,255
196,256
197,257
198,258
199,259
200,260
201,261
202,262
203,263
204,264
205,265
206,268
207,269
208,270
209,271
210,272
211,273
212,274
213,275
214,276
215,279
216,280
217,281
218,282
219,283
220,284
221,285
222,288
223,289
224,290
225,291
226,292
227,295
228,296
229,297
230,298
231,299
232,300
233,301
234,302
235,303
236,304
237,305
238,306
239,307
240,308
241,309
242,312
243,313
244,314
245,315
246,316
247,317
248,318
249,319
250,322
251,323
252,324
253,325
254,326
255,327
256,328
257,329
258,330
259,331
260,332
261,333
262,334
263,337
264,338
265,339
266,340
267,341
268,342
269,343
270,344
271,345
272,346
273,347
274,348
275,351
276,352
277,353
278,354
279,355
280,356
281,357
282,358
283,359
284,360
285,361
286,362
287,363
288,367
289,368
290,369
291,370
292,371
293,372
294,373
295,376
296,377
297,378
298,379
299,380
300,385
301,386
302,387
303,388
304,389
305,391
306,392
307,393
308,395
309,396
310,397
311,398
312,399
313,400
314,401
315,402
316,404
317,405
318,406
319,407
320,408
321,409
322,411
323,412
324,413
325,414
326,416
327,417
328,418
329,419
330,420
331,421
332,424
333,425
334,426
335,427
336,428
337,429
338,432
339,433
340,434
341,435
342,436
343,437
344,438
345,439
346,440
347,441
348,442
349,443
350,444
351,445
352,446
353,447
354,448
355,449
356,450
357,451
358,452
359,453
360,454
361,455
362,458
363,459
364,460
365,461
366,462
367,463
368,464
369,465
370,466
371,469
372,470
373,471
374,472
375,473
376,474
377,475
378,478
379,479
380,480
381,481
382,482
383,485
384,486
385,487
386,488
387,489
388,490
389,491
390,492
391,493
392,494
393,495
394,496
395,497
396,498
397,502
398,503
399,504
400,505
401,506
402,509
403,510
404,511
405,512
406,513
407,514
408,516
409,517
410,518
411,519
412,520
413,521
414,522
415,523
416,524
417,527
418,528
419,529
420,530
421,531
422,532
423,533
424,536
425,537
426,538
427,539
428,540
429,541
430,542
431,544
432,545
433,546
434,547
435,548
436,549
437,550
438,551
439,552
440,555
441,556
442,557
443,558
444,559
445,564
446,565
447,566
448,567
449,568
450,569
451,570
452,571
453,573
454,574
455,575
456,576
457,577
458,578
459,579
460,580
461,582
462,583
463,584
464,585
465,586
466,587
467,589
468,590
469,591
470,592
471,594
472,595
473,596
474,597
475,598
476,599
477,600
478,603
479,604
480,605
481,606
482,607
483,608
484,611
485,612
486,613
487,614
488,615
489,616
490,617
491,618
492,619
493,620
494,621
495,622
496,623
497,624
498,625
499,626
500,627
501,628
502,629
503,630
504,631
505,632
506,633
507,636
508,637
509,638
510,639
511,640
512,641
513,642
514,643
515,644
516,647
517,648
518,649
519,650
520,651
521,652
522,653
523,656
524,657
525,658
526,659
527,660
528,663
529,664
530,665
531,666
532,667
533,668
534,669
535,670
536,671
537,672
538,673
539,674
540,675
541,676
542,680
543,681
544,682
545,683
546,684
547,687
548,688
549,689
550,690
551,691
552,692
553,694
554,695
555,696
556,697
557,698
558,699
559,700
560,701
561,702
562,705
563,706
564,707
565,708
566,709
567,710
568,711
569,714
570,715
571,716
572,717
573,718
574,719
575,720
576,722
577,723
578,724
579,725
580,726
581,727
582,728
583,729
584,730
585,733
586,734
587,735
588,736
589,737
590,739
<end>
</var/ftp/usrflash/Project/PMAC Script Language/PLC Programs/PLC21_TestShot.plc>,21
0,10
1,11
2,12
3,13
4,14
5,15
6,17
7,18
8,19
9,20
10,22
11,24
12,25
13,26
14,28
15,29
16,30
17,31
18,36
19,37
20,38
21,39
22,41
23,42
24,43
25,44
26,45
27,48
28,49
29,50
30,51
31,54
32,55
33,56
34,57
35,58
36,61
37,62
38,63
39,64
40,67
41,68
42,69
43,70
44,71
45,74
46,75
47,76
48,77
49,78
50,79
51,80
52,81
53,82
54,83
55,84
56,85
57,86
58,87
59,88
<end>
</var/ftp/usrflash/Project/PMAC Script Language/PLC Programs/PLC22_LaserCtrl.plc>,22
0,10
1,11
2,12
3,13
4,14
5,15
6,16
7,17
8,19
9,20
10,21
11,22
12,23
13,24
14,25
15,26
16,28
17,29
18,34
19,35
20,36
21,37
22,38
23,39
24,41
25,42
26,43
27,44
28,45
29,46
30,48
31,49
32,50
33,51
34,53
35,54
36,55
37,56
38,57
39,58
40,59
41,60
42,61
43,62
44,65
45,66
46,67
47,68
48,69
49,70
50,71
51,72
52,73
53,74
54,77
55,78
56,79
57,80
58,81
59,82
60,83
61,84
62,85
63,86
64,87
65,88
66,89
67,90
68,91
69,94
70,95
71,96
72,97
73,98
74,99
75,100
76,101
77,102
78,103
79,104
80,105
81,106
82,107
83,108
84,111
85,112
86,113
87,114
88,115
89,116
90,117
91,118
92,119
93,120
94,121
95,122
96,123
97,124
98,125
99,127
100,128
101,129
102,130
103,131
104,132
105,133
106,134
107,135
108,136
109,137
110,138
111,139
112,140
113,142
114,143
115,144
116,146
117,147
118,149
119,150
120,151
121,153
122,154
123,155
124,156
125,157
126,160
127,161
128,162
129,163
130,164
131,165
132,166
133,171
134,172
135,173
136,174
137,175
138,176
139,178
140,179
141,180
142,181
143,182
144,183
145,185
146,186
147,187
148,188
149,190
150,191
151,192
152,193
153,194
154,195
155,198
156,199
157,200
158,201
159,202
160,203
161,204
162,205
163,206
164,207
165,208
166,209
167,210
168,211
169,212
170,215
171,216
172,217
173,218
174,219
175,220
176,221
177,222
178,223
179,224
180,225
181,226
182,227
183,228
184,229
185,232
186,233
187,234
188,235
189,236
190,237
191,238
192,239
193,240
194,241
195,242
196,243
197,244
198,245
199,246
200,249
201,250
202,251
203,252
204,253
205,254
206,255
207,256
208,257
209,258
210,259
211,260
212,261
213,262
214,263
215,266
216,267
217,268
218,269
219,270
220,271
221,272
222,277
223,278
224,279
225,280
226,281
227,282
228,284
229,285
230,286
231,287
232,288
233,289
234,290
235,292
236,293
237,294
238,295
239,297
240,298
241,299
242,300
243,301
244,304
245,305
246,306
247,307
248,308
249,309
250,310
251,311
252,312
253,313
254,314
255,315
256,316
257,317
258,318
259,321
260,322
261,323
262,324
263,325
264,326
265,327
266,330
267,332
268,333
269,334
270,335
271,336
272,338
273,339
274,340
275,341
276,342
277,343
278,344
279,345
280,346
281,347
282,349
283,350
284,351
285,352
286,353
287,354
288,355
289,356
290,357
291,358
292,360
293,361
294,362
295,363
296,364
297,365
298,366
299,367
300,368
301,369
302,371
303,372
304,375
305,376
306,377
307,378
308,379
309,380
310,381
311,386
312,387
313,388
314,389
315,390
316,391
317,393
318,394
319,395
320,396
321,397
322,398
323,399
324,401
325,402
326,403
327,404
328,406
329,407
330,408
331,409
332,410
333,413
334,414
335,415
336,416
337,417
338,418
339,419
340,420
341,421
342,422
343,423
344,424
345,425
346,426
347,427
348,430
349,431
350,432
351,433
352,434
353,435
354,436
355,439
356,441
357,442
358,443
359,444
360,445
361,447
362,448
363,449
364,450
365,451
366,452
367,453
368,454
369,455
370,456
371,458
372,459
373,460
374,461
375,462
376,463
377,464
378,465
379,466
380,467
381,469
382,470
383,471
384,472
385,473
386,474
387,475
388,476
389,477
390,478
391,480
392,481
393,484
394,485
395,486
396,487
397,488
398,489
399,490
400,492
<end>
</var/ftp/usrflash/Project/PMAC Script Language/PLC Programs/PLC23_TargetMove.plc>,23
0,12
1,13
2,14
3,15
4,16
5,17
6,19
7,20
8,21
9,22
10,23
11,24
12,25
13,27
14,28
15,29
16,30
17,35
18,37
19,38
20,39
21,40
22,41
23,42
24,43
25,44
26,45
27,46
28,47
29,48
30,51
31,52
32,53
33,54
34,55
35,56
36,57
37,58
38,59
39,60
40,61
41,62
42,65
43,66
44,67
45,68
46,69
47,70
48,71
49,72
50,73
51,74
52,75
53,76
54,77
55,80
56,81
57,82
58,83
59,84
60,85
61,86
62,87
63,88
64,89
65,90
66,91
67,96
68,97
69,98
70,99
71,100
72,101
73,102
74,104
75,105
76,108
77,109
78,113
79,114
80,117
81,118
82,119
83,120
84,121
85,122
86,123
87,124
88,125
89,126
90,129
91,130
92,131
93,132
94,133
95,134
96,135
97,138
98,139
99,140
100,141
101,142
102,143
103,144
104,145
105,146
106,147
107,148
108,149
109,154
110,155
111,156
112,157
113,158
114,161
115,162
116,163
117,164
118,165
119,167
120,168
121,173
122,174
123,175
124,176
125,177
126,178
127,180
128,181
129,182
130,183
131,184
132,185
133,186
134,188
135,189
136,190
137,191
138,196
139,198
140,199
141,200
142,201
143,202
144,203
145,204
146,205
147,206
148,207
149,208
150,209
151,212
152,213
153,214
154,215
155,216
156,217
157,218
158,219
159,220
160,221
161,222
162,223
163,226
164,227
165,228
166,229
167,230
168,231
169,232
170,233
171,234
172,235
173,236
174,237
175,238
176,241
177,242
178,243
179,244
180,245
181,246
182,247
183,248
184,249
185,250
186,251
187,252
188,257
189,258
190,259
191,260
192,262
193,263
194,264
195,266
196,267
197,270
198,271
199,273
200,274
201,277
202,278
203,279
204,280
205,281
206,282
207,283
208,284
209,285
210,286
211,289
212,290
213,291
214,292
215,293
216,294
217,295
218,298
219,299
220,300
221,301
222,302
223,303
224,304
225,305
226,306
227,307
228,308
229,309
230,314
231,315
232,316
233,317
234,318
235,321
236,322
237,323
238,324
239,325
240,327
241,328
242,329
<end>
</var/ftp/usrflash/Project/PMAC Script Language/PLC Programs/PLC24_Cover.plc>,24
0,10
1,11
2,12
3,13
4,15
5,16
6,17
7,18
8,19
9,21
10,22
11,24
12,25
13,26
14,27
15,28
16,29
17,31
18,32
19,33
20,35
21,36
22,38
23,39
24,40
25,41
26,42
27,43
28,44
29,45
30,46
31,51
32,53
33,54
34,57
35,59
36,60
37,61
38,62
39,63
40,64
41,65
42,66
43,67
44,68
45,72
46,73
47,74
48,87
49,94
50,95
51,96
52,97
53,98
54,99
55,100
56,101
57,102
58,103
59,115
60,116
61,117
62,118
63,119
64,120
65,121
66,122
67,123
68,124
69,125
70,126
71,129
72,130
73,131
74,132
75,133
76,134
77,135
78,136
79,137
80,139
81,140
82,141
83,142
84,154
85,155
86,156
87,158
88,159
89,160
90,161
91,162
92,163
93,164
94,165
95,166
96,167
97,178
98,179
99,180
100,181
101,182
102,183
103,184
104,186
105,187
106,188
107,189
108,192
109,193
110,194
111,195
112,196
113,197
114,198
115,199
116,200
117,201
118,204
119,205
120,206
121,208
122,209
123,210
124,211
125,212
126,213
127,214
128,215
129,216
130,217
131,220
132,221
133,222
134,223
135,224
136,225
137,228
138,229
139,230
140,231
141,232
142,235
143,236
144,237
145,238
146,239
147,240
148,241
149,246
150,247
151,248
152,249
153,251
154,252
155,253
156,254
157,255
158,257
159,258
160,260
161,261
162,262
163,263
164,264
165,265
166,267
167,268
168,269
169,271
170,272
171,274
172,275
173,276
174,277
175,278
176,279
177,280
178,281
179,282
180,287
181,290
182,291
183,294
184,296
185,297
186,298
187,299
188,300
189,301
190,302
191,303
192,304
193,305
194,308
195,309
196,310
197,323
198,324
199,331
200,332
201,333
202,334
203,335
204,336
205,337
206,338
207,339
208,340
209,352
210,353
211,354
212,355
213,356
214,357
215,358
216,359
217,360
218,361
219,362
220,363
221,364
222,367
223,368
224,369
225,370
226,371
227,372
228,373
229,374
230,375
231,377
232,378
233,379
234,380
235,392
236,393
237,394
238,396
239,397
240,398
241,399
242,400
243,401
244,402
245,403
246,404
247,405
248,416
249,417
250,418
251,419
252,420
253,421
254,422
255,424
256,425
257,426
258,427
259,430
260,431
261,432
262,433
263,434
264,435
265,436
266,437
267,438
268,439
269,442
270,443
271,444
272,446
273,447
274,448
275,449
276,450
277,451
278,452
279,453
280,454
281,455
282,466
283,467
284,468
285,470
286,471
287,472
288,484
289,485
290,486
291,488
292,489
293,490
294,491
295,492
296,493
297,494
298,495
299,496
300,497
301,500
302,501
303,502
304,503
305,504
306,505
307,508
308,509
309,510
310,511
311,512
312,515
313,516
314,517
315,518
316,519
317,520
318,521
319,526
320,527
321,528
322,529
323,530
324,531
325,533
326,534
327,535
328,536
329,537
330,538
331,540
332,541
333,542
334,543
335,545
336,546
337,547
338,548
339,549
340,550
341,551
342,552
343,553
344,554
345,555
346,556
347,559
348,561
349,562
350,564
351,565
352,566
353,569
354,571
355,572
356,573
357,574
358,575
359,576
360,577
361,578
362,579
363,580
364,581
365,585
366,586
367,587
368,588
369,589
370,592
371,593
372,594
373,595
374,596
375,597
376,598
377,603
378,604
379,605
380,606
381,607
382,608
383,610
384,611
385,612
386,613
387,614
388,615
389,617
390,618
391,619
392,620
393,622
394,623
395,624
396,625
397,626
398,627
399,628
400,629
401,630
402,631
403,632
404,635
405,637
406,638
407,640
408,641
409,642
410,645
411,647
412,648
413,649
414,650
415,651
416,652
417,653
418,654
419,655
420,656
421,657
422,661
423,662
424,663
425,664
426,665
427,668
428,669
429,670
430,671
431,672
432,673
433,674
434,679
435,680
436,681
437,682
438,684
439,685
440,686
441,688
442,689
443,691
444,692
445,693
446,694
447,695
448,696
449,698
450,699
451,700
452,702
453,703
454,705
455,706
456,707
457,708
458,709
459,710
460,711
461,712
462,713
463,718
464,719
465,722
466,723
467,726
468,729
469,730
470,731
471,732
472,733
473,734
474,735
475,736
476,737
477,738
478,741
479,742
480,743
481,746
482,752
483,753
484,754
485,755
486,756
487,757
488,758
489,759
490,760
491,761
492,764
493,765
494,766
495,767
496,768
497,769
498,770
499,773
500,774
501,775
502,776
503,777
504,778
505,779
506,780
507,781
508,782
509,783
510,784
511,787
512,788
513,789
514,790
515,791
516,792
517,793
518,794
519,795
520,797
521,798
522,799
523,800
524,812
525,813
526,814
527,816
528,817
529,818
530,819
531,820
532,821
533,822
534,823
535,824
536,825
537,836
538,837
539,838
540,839
541,840
542,841
543,842
544,843
545,844
546,845
547,846
548,847
549,848
550,851
551,852
552,853
553,855
554,856
555,857
556,858
557,859
558,860
559,861
560,862
561,863
562,864
563,875
564,876
565,877
566,878
567,879
568,882
569,883
570,884
571,885
572,886
573,887
574,888
575,893
576,894
577,895
578,896
579,898
580,899
581,900
582,902
583,903
584,905
585,906
586,907
587,908
588,909
589,910
590,912
591,913
592,914
593,916
594,917
595,919
596,920
597,921
598,922
599,923
600,924
601,925
602,926
603,927
604,932
605,933
606,936
607,937
608,940
609,942
610,943
611,944
612,945
613,946
614,947
615,948
616,949
617,950
618,951
619,954
620,955
621,956
622,959
623,965
624,966
625,967
626,968
627,969
628,970
629,971
630,972
631,973
632,974
633,986
634,988
635,989
636,990
637,991
638,992
639,993
640,994
641,995
642,996
643,997
644,998
645,1001
646,1002
647,1003
648,1004
649,1005
650,1006
651,1007
652,1008
653,1009
654,1011
655,1012
656,1013
657,1014
658,1026
659,1027
660,1028
661,1030
662,1031
663,1032
664,1033
665,1034
666,1035
667,1036
668,1037
669,1038
670,1039
671,1050
672,1051
673,1052
674,1053
675,1054
676,1055
677,1056
678,1057
679,1058
680,1060
681,1061
682,1062
683,1063
684,1075
685,1076
686,1077
687,1079
688,1080
689,1081
690,1082
691,1083
692,1084
693,1085
694,1086
695,1087
696,1088
697,1099
698,1100
699,1101
700,1103
701,1104
702,1105
703,1117
704,1118
705,1119
706,1121
707,1122
708,1123
709,1124
710,1125
711,1126
712,1127
713,1128
714,1129
715,1130
716,1141
717,1142
718,1143
719,1144
720,1145
721,1148
722,1149
723,1150
724,1151
725,1152
726,1153
727,1154
728,1155
<end>
</var/ftp/usrflash/Project/PMAC Script Language/PLC Programs/PLC25_BlowOff.plc>,25
0,7
1,9
2,10
3,11
4,12
5,13
6,14
7,15
8,16
9,18
10,19
11,20
12,21
13,22
14,23
15,24
16,25
17,26
18,27
19,28
20,29
21,31
22,32
23,33
24,35
25,36
26,42
27,43
28,44
29,45
30,46
31,47
32,49
33,50
34,52
35,53
36,55
37,56
38,57
39,58
40,59
41,60
42,62
43,63
44,64
45,65
46,67
47,68
48,69
49,70
50,71
51,72
52,73
53,74
54,75
55,76
56,77
57,78
58,79
59,80
60,81
61,82
62,83
63,84
64,85
65,86
66,88
67,89
68,90
69,91
70,92
71,95
72,96
73,97
74,98
75,99
76,100
77,101
78,105
79,106
80,107
81,109
82,110
83,111
84,112
85,114
86,115
87,117
88,118
89,119
90,120
91,121
92,122
93,124
94,125
95,126
96,127
97,129
98,130
99,131
100,132
101,133
102,134
103,135
104,136
105,137
106,138
107,139
108,140
109,141
110,142
111,143
112,144
113,145
114,146
115,147
116,148
117,149
118,150
119,152
120,153
121,154
122,155
123,156
124,157
125,158
126,159
127,160
128,161
129,162
130,163
131,164
132,165
133,166
134,167
135,168
136,169
137,170
138,171
139,172
140,173
141,174
142,175
143,176
144,177
145,178
146,179
147,180
148,181
149,182
150,183
151,185
152,186
153,187
154,188
155,189
156,192
157,193
158,194
159,195
160,196
161,197
162,198
163,199
<end>
</var/ftp/usrflash/Project/PMAC Script Language/PLC Programs/PLC27_PickAndPlace.plc>,27
0,30
1,31
2,32
3,33
4,34
5,35
6,37
7,38
8,39
9,40
10,41
11,42
12,43
13,46
14,47
15,48
16,49
17,54
18,55
19,56
20,57
21,58
22,59
23,60
24,61
25,62
26,63
27,64
28,65
29,66
30,69
31,70
32,71
33,72
34,73
35,74
36,75
37,76
38,77
39,78
40,79
41,80
42,83
43,84
44,85
45,86
46,87
47,88
48,89
49,90
50,91
51,92
52,93
53,94
54,95
55,98
56,99
57,100
58,101
59,102
60,103
61,104
62,105
63,106
64,107
65,108
66,109
67,112
68,113
69,114
70,115
71,116
72,117
73,118
74,120
75,121
76,122
77,123
78,124
79,125
80,127
81,128
82,129
83,130
84,131
85,133
86,134
87,135
88,136
89,137
90,138
91,139
92,140
93,141
94,142
95,143
96,144
97,149
98,151
99,152
100,153
101,156
102,157
103,158
104,159
105,160
106,161
107,162
108,163
109,164
110,165
111,166
112,167
113,170
114,172
115,173
116,174
117,175
118,176
119,178
120,179
121,180
122,181
123,182
124,184
125,185
126,188
127,190
128,191
129,192
130,193
131,194
132,195
133,196
134,197
135,198
136,199
137,200
138,203
139,205
140,206
141,207
142,208
143,209
144,211
145,212
146,213
147,214
148,215
149,217
150,218
151,221
152,223
153,224
154,225
155,226
156,227
157,228
158,229
159,230
160,231
161,232
162,233
163,236
164,238
165,239
166,240
167,243
168,244
169,245
170,246
171,247
172,248
173,249
174,250
175,252
176,253
177,254
178,255
179,256
180,257
181,258
182,259
183,260
184,263
185,264
186,265
187,266
188,267
189,268
190,269
191,270
192,271
193,272
194,273
195,274
196,280
197,281
198,282
199,283
200,284
201,285
202,288
203,289
204,290
205,291
206,292
207,293
208,294
209,297
210,298
211,299
212,300
213,301
214,302
215,303
216,304
217,305
218,306
219,307
220,308
221,309
222,310
223,311
224,314
225,315
226,316
227,317
228,318
229,319
230,320
231,323
232,324
233,325
234,326
235,327
236,328
237,329
238,330
239,331
240,332
241,333
242,334
243,335
244,336
245,337
246,338
247,341
248,342
249,343
250,344
251,345
252,346
253,347
254,350
255,351
256,352
257,353
258,354
259,355
260,356
261,357
262,358
263,359
264,360
265,361
266,362
267,363
268,364
269,365
270,368
271,369
272,370
273,371
274,372
275,373
276,374
277,377
278,378
279,379
280,380
281,381
282,382
283,383
284,384
285,385
286,386
287,387
288,388
289,389
290,392
291,393
292,394
293,395
294,396
295,397
296,398
297,399
298,400
299,401
300,402
301,403
302,404
303,405
304,406
305,407
306,408
307,409
308,414
309,416
310,417
311,418
312,419
313,420
314,422
315,423
316,424
317,425
318,426
319,428
320,429
321,432
322,434
323,435
324,436
325,437
326,438
327,439
328,440
329,441
330,442
331,443
332,444
333,447
334,449
335,450
336,451
337,452
338,453
339,455
340,456
341,457
342,458
343,459
344,461
345,462
346,465
347,467
348,468
349,469
350,470
351,471
352,472
353,473
354,474
355,475
356,476
357,477
358,480
359,481
360,482
361,483
362,484
363,487
364,488
365,489
366,490
367,491
368,492
369,493
370,494
371,496
372,497
373,498
374,499
375,500
376,501
377,502
378,503
379,504
380,507
381,508
382,509
383,510
384,511
385,512
386,513
387,514
388,515
389,516
390,517
391,518
392,524
393,525
394,526
395,527
396,528
397,529
398,532
399,533
400,534
401,535
402,536
403,537
404,538
405,541
406,542
407,543
408,544
409,545
410,546
411,547
412,548
413,549
414,550
415,551
416,552
417,553
418,554
419,555
420,556
421,559
422,560
423,561
424,562
425,563
426,564
427,565
428,568
429,569
430,570
431,571
432,572
433,573
434,574
435,575
436,576
437,577
438,578
439,579
440,580
441,581
442,582
443,583
444,586
445,587
446,588
447,589
448,590
449,591
450,592
451,595
452,596
453,597
454,598
455,599
456,600
457,601
458,602
459,603
460,604
461,605
462,606
463,609
464,610
465,611
466,612
467,613
468,614
469,615
470,616
471,617
472,618
473,619
474,620
475,621
476,622
477,623
478,624
479,625
480,626
481,631
482,632
483,633
484,634
485,635
486,638
487,639
488,640
489,641
490,642
491,643
492,644
493,645
494,646
495,647
496,648
497,649
498,652
499,654
500,655
501,656
502,657
503,658
504,660
505,661
506,662
507,663
508,664
509,666
510,667
511,670
512,672
513,673
514,674
515,675
516,676
517,677
518,678
519,679
520,680
521,681
522,682
523,685
524,687
525,688
526,689
527,690
528,691
529,693
530,694
531,695
532,696
533,697
534,699
535,700
536,703
537,704
538,705
539,706
540,707
541,708
542,709
543,710
544,711
545,712
546,713
547,714
548,717
549,718
550,719
551,720
552,721
553,724
554,725
555,726
556,727
557,728
558,729
559,730
560,731
561,733
562,734
563,735
564,736
565,737
566,738
567,739
568,740
569,741
570,744
571,745
572,746
573,747
574,748
575,749
576,750
577,751
578,752
579,753
580,754
581,755
582,760
583,761
584,762
585,763
586,764
587,765
588,768
589,769
590,770
591,771
592,772
593,773
594,774
595,777
596,778
597,779
598,780
599,781
600,782
601,783
602,784
603,785
604,786
605,787
606,788
607,789
608,790
609,791
610,794
611,795
612,796
613,797
614,798
615,799
616,800
617,803
618,804
619,805
620,806
621,807
622,808
623,809
624,810
625,811
626,812
627,813
628,814
629,815
630,816
631,817
632,818
633,821
634,822
635,823
636,824
637,825
638,826
639,827
640,830
641,831
642,832
643,833
644,834
645,835
646,836
647,837
648,838
649,839
650,840
651,841
652,842
653,843
654,844
655,845
656,848
657,849
658,850
659,851
660,852
661,853
662,854
663,857
664,858
665,859
666,860
667,861
668,862
669,863
670,864
671,865
672,866
673,867
674,868
675,869
676,872
677,873
678,874
679,875
680,876
681,877
682,878
683,879
684,880
685,881
686,882
687,883
688,884
689,885
690,886
691,887
692,888
693,889
694,894
695,896
696,897
697,898
698,899
699,900
700,902
701,903
702,904
703,905
704,906
705,908
706,909
707,912
708,914
709,915
710,916
711,917
712,918
713,919
714,920
715,921
716,922
717,923
718,924
719,927
720,929
721,930
722,931
723,932
724,933
725,935
726,936
727,937
728,938
729,939
730,941
731,942
732,945
733,946
734,947
735,948
736,949
737,950
738,951
739,952
740,953
741,954
742,955
743,956
744,959
745,961
746,962
747,963
748,966
749,967
750,968
751,969
752,970
753,971
754,972
755,973
756,975
757,976
758,977
759,978
760,979
761,980
762,981
763,982
764,983
765,986
766,987
767,988
768,989
769,990
770,991
771,992
772,993
773,994
774,995
775,996
776,997
777,1002
778,1003
779,1004
780,1005
781,1006
782,1007
783,1010
784,1011
785,1012
786,1013
787,1014
788,1015
789,1016
790,1019
791,1020
792,1021
793,1022
794,1023
795,1024
796,1025
797,1026
798,1027
799,1028
800,1029
801,1030
802,1031
803,1032
804,1033
805,1034
806,1037
807,1038
808,1039
809,1040
810,1041
811,1042
812,1043
813,1046
814,1047
815,1048
816,1049
817,1050
818,1051
819,1052
820,1053
821,1054
822,1055
823,1056
824,1057
825,1058
826,1059
827,1060
828,1061
829,1064
830,1065
831,1066
832,1067
833,1068
834,1069
835,1070
836,1073
837,1074
838,1075
839,1076
840,1077
841,1078
842,1079
843,1080
844,1081
845,1082
846,1083
847,1084
848,1087
849,1088
850,1089
851,1090
852,1091
853,1092
854,1093
855,1094
856,1095
857,1096
858,1097
859,1098
860,1099
861,1100
862,1101
863,1102
864,1103
865,1104
866,1107
867,1108
868,1112
869,1115
870,1116
871,1117
872,1118
873,1119
874,1121
875,1122
<end>
</var/ftp/usrflash/Project/PMAC Script Language/PLC Programs/PLC28_VisionTrigger.plc>,28
0,7
1,8
2,9
3,11
4,12
5,14
6,15
7,16
8,17
9,18
<end>
</var/ftp/usrflash/Project/PMAC Script Language/PLC Programs/PLC30_Test.plc>,30
0,7
1,8
2,9
3,10
4,11
5,12
6,13
7,14
8,15
9,16
10,17
11,18
12,19
13,20
14,21
15,22
16,23
17,24
18,25
19,26
20,27
21,28
22,30
23,31
24,32
25,34
26,35
27,36
28,37
29,38
30,39
31,40
32,42
33,43
34,44
35,45
36,46
37,47
38,48
39,49
40,50
41,52
42,53
43,54
44,56
45,57
46,58
47,60
48,61
49,62
50,64
51,65
52,66
53,68
54,69
55,70
56,72
57,73
58,74
59,76
60,77
61,78
62,80
63,81
64,82
65,84
66,85
67,86
68,88
69,89
70,90
71,92
72,93
73,94
74,96
75,98
76,99
<end>
</var/ftp/usrflash/Project/PMAC Script Language/PLC Programs/PLC31_ReqSim.plc>,31
0,33
1,34
2,35
3,37
4,38
5,39
6,44
7,45
8,46
9,47
10,48
11,50
12,51
13,52
14,53
15,54
16,55
17,56
18,57
19,58
20,59
21,60
22,62
23,63
24,64
25,65
26,66
27,67
28,69
29,70
30,71
31,72
32,74
33,75
34,76
35,77
36,78
37,79
38,81
39,82
40,83
41,84
42,86
43,87
44,88
45,89
46,90
47,91
48,92
49,93
50,95
51,96
52,97
53,98
54,99
55,100
56,101
57,102
58,103
59,104
60,109
61,110
62,111
63,112
64,113
65,114
66,115
67,116
68,117
69,118
70,120
71,121
72,122
73,123
74,125
75,126
76,127
77,128
78,129
79,130
80,131
81,132
82,134
83,135
84,136
85,137
86,138
87,139
88,140
89,141
90,142
91,143
92,145
93,146
94,147
95,148
96,149
97,150
98,151
99,152
100,153
101,154
102,159
103,160
104,161
105,162
106,163
107,164
108,165
109,166
110,167
111,168
112,169
113,170
114,171
115,172
116,173
117,174
118,175
119,176
120,177
121,178
122,180
123,181
124,183
125,184
126,185
127,186
<end>
</var/ftp/usrflash/Project/PMAC Script Language/PLC Programs/PLC26_PowerCheck.plc>,26
0,11
1,13
2,14
3,15
4,16
5,17
6,18
7,19
8,21
9,22
10,23
11,24
12,26
13,27
14,28
15,30
16,31
17,33
18,34
19,35
20,36
21,38
22,39
23,40
24,41
25,42
26,43
27,44
28,45
29,46
30,47
31,48
32,49
33,50
34,53
35,54
36,56
37,57
38,58
39,61
40,62
41,63
42,64
43,65
44,66
45,67
46,68
47,69
48,70
49,71
50,72
51,73
52,76
53,77
54,78
55,79
56,80
57,81
58,82
59,84
60,85
61,86
62,87
63,88
64,89
65,92
66,93
67,94
68,95
69,96
70,97
71,98
72,99
73,100
74,101
75,102
76,103
77,104
78,105
79,106
80,109
81,110
82,111
83,112
84,113
85,114
86,115
87,116
88,117
89,118
90,119
91,120
92,121
93,124
94,126
95,127
96,128
97,129
98,131
99,132
100,133
101,134
102,136
103,137
104,139
105,140
106,142
107,143
108,144
109,147
110,148
111,149
112,150
113,152
114,153
115,154
116,155
117,156
118,157
119,158
120,159
121,160
122,163
123,164
124,165
125,166
126,167
127,170
128,171
129,172
130,173
131,174
132,175
133,176
134,181
135,182
136,183
137,184
138,185
139,186
140,187
141,189
142,190
143,191
144,192
145,193
146,195
147,196
148,198
149,199
150,200
151,201
152,203
153,204
154,205
155,206
156,207
157,208
158,209
159,210
160,211
161,212
162,213
163,214
164,215
165,218
166,219
167,221
168,222
169,223
170,226
171,227
172,228
173,229
174,230
175,231
176,232
177,233
178,234
179,235
180,236
181,237
182,238
183,241
184,242
185,243
186,245
187,246
188,248
189,249
190,251
191,253
192,254
193,255
194,256
195,257
196,259
197,260
198,261
199,262
200,263
201,264
202,265
203,267
<end>
